receivedAt,Unnamed: 0_mean,Unnamed: 0_std,dewpoint_mean_mean,dewpoint_mean_std,temperature_mean_mean,temperature_mean_std,humidity_mean_mean,humidity_mean_std,vaporPressureDeficit_mean_mean,vaporPressureDeficit_mean_std,dewpoint_max_mean,dewpoint_max_std,temperature_max_mean,temperature_max_std,humidity_max_mean,humidity_max_std,vaporPressureDeficit_max_mean,vaporPressureDeficit_max_std,dewpoint_min_mean,dewpoint_min_std,temperature_min_mean,temperature_min_std,humidity_min_mean,humidity_min_std,vaporPressureDeficit_min_mean,vaporPressureDeficit_min_std,temperature_daytime_mean_mean,temperature_daytime_mean_std,temperature_nighttime_mean_mean,temperature_nighttime_mean_std,humidity_daytime_mean_mean,humidity_daytime_mean_std,humidity_nighttime_mean_mean,humidity_nighttime_mean_std,vaporPressureDeficit_daytime_mean_mean,vaporPressureDeficit_daytime_mean_std,vaporPressureDeficit_nighttime_mean_mean,vaporPressureDeficit_nighttime_mean_std
2024-06-30 00:00:00+00:00,0.0,,15.75,,17.733333333333334,,88.33333333333334,,0.2383333333333333,,15.9,,18.23333333333333,,90.3,,0.2866666666666667,,15.6,,17.233333333333334,,86.36666666666667,,0.19,,,,17.733333333333334,,,,88.33333333333334,,,,0.2383333333333333,
2024-07-01 00:00:00+00:00,1.0,,16.537499999999998,,20.57361111111111,,79.90138888888889,,0.655,,20.23333333333333,,31.766666666666666,,95.46666666666664,,2.3233333333333337,,14.4,,15.266666666666666,,50.43333333333334,,0.0766666666666666,,23.39047619047619,,16.630000000000003,,70.68095238095238,,92.81,,1.02,,0.144,
2024-07-02 00:00:00+00:00,2.0,,15.790277777777776,,22.74722222222222,,68.99027777777778,,1.1595833333333332,,18.8,,33.5,,96.16666666666669,,3.45,,13.166666666666666,,13.766666666666666,,33.26666666666667,,0.06,,27.36190476190476,,16.286666666666665,,53.50476190476191,,90.67,,1.8545238095238097,,0.1866666666666666,
2024-07-03 00:00:00+00:00,3.0,,15.043055555555556,,18.727777777777774,,80.8013888888889,,0.4972222222222222,,16.900000000000002,,25.1,,95.2,,1.3533333333333335,,13.833333333333334,,14.8,,57.16666666666666,,0.0833333333333333,,21.085714285714285,,15.426666666666668,,71.70476190476191,,93.53666666666666,,0.7704761904761905,,0.1146666666666666,
2024-07-04 00:00:00+00:00,4.0,,15.197222222222225,,22.075,,69.40416666666667,,1.15125,,18.4,,33.7,,95.43333333333334,,3.26,,13.133333333333333,,14.133333333333333,,37.76666666666667,,0.0733333333333333,,27.15714285714285,,14.96,,53.490476190476194,,91.68333333333334,,1.868809523809524,,0.1466666666666666,
2024-07-05 00:00:00+00:00,5.0,,16.481944444444444,,23.191666666666663,,69.81527777777778,,1.2045833333333331,,20.8,,36.266666666666666,,96.23333333333332,,3.793333333333333,,12.166666666666666,,12.766666666666666,,37.06666666666666,,0.0533333333333333,,28.47619047619048,,15.793333333333331,,54.97619047619048,,90.59,,1.9316666666666664,,0.1866666666666666,
2024-07-06 00:00:00+00:00,6.0,,17.789583333333333,,23.178472222222226,,73.55277777777778,,0.9148611111111112,,21.23333333333333,,32.7,,92.86666666666667,,2.61,,14.733333333333334,,16.033333333333335,,47.833333333333336,,0.13,,26.73333333333333,,18.201666666666668,,63.53809523809524,,87.57333333333334,,1.3759523809523808,,0.2693333333333333,
2024-07-07 00:00:00+00:00,7.0,,17.8625,,21.479166666666668,,80.71527777777779,,0.5519444444444445,,20.6,,27.33333333333333,,94.73333333333332,,1.2833333333333334,,15.566666666666668,,17.333333333333332,,64.23333333333333,,0.11,,23.7,,18.37,,74.07857142857142,,90.00666666666667,,0.7959523809523809,,0.2103333333333333,
2024-07-08 00:00:00+00:00,8.0,,18.4375,,24.126388888888886,,74.04652777777778,,1.1036805555555556,,21.4,,35.43333333333334,,95.2,,3.2566666666666664,,15.833333333333334,,17.266666666666666,,43.3,,0.1,,28.633333333333333,,17.816666666666666,,60.82619047619048,,92.555,,1.781904761904762,,0.1541666666666666,
2024-07-09 00:00:00+00:00,9.0,,18.820833333333333,,24.59861111111111,,73.35000000000001,,1.1222222222222222,,22.066666666666663,,34.6,,96.6,,2.9433333333333334,,15.333333333333334,,15.866666666666667,,46.73333333333333,,0.06,,29.495238095238097,,17.743333333333332,,59.28095238095238,,93.04666666666668,,1.8178571428571428,,0.1483333333333333,
2024-07-10 00:00:00+00:00,10.0,,19.8125,,26.94861111111111,,69.18333333333334,,1.561388888888889,,24.83333333333333,,39.0,,95.6,,3.9566666666666666,,16.3,,17.0,,39.93333333333334,,0.0833333333333333,,32.66428571428572,,18.946666666666665,,52.91190476190476,,91.96333333333334,,2.5445238095238096,,0.185,
2024-07-11 00:00:00+00:00,11.0,,20.641666666666666,,27.529861111111117,,69.47569444444444,,1.5361805555555554,,25.433333333333334,,38.9,,95.76666666666668,,3.99,,16.866666666666664,,17.566666666666666,,40.96666666666667,,0.0833333333333333,,32.76309523809524,,20.203333333333333,,55.87023809523809,,88.52333333333334,,2.4208333333333334,,0.2976666666666666,
2024-07-12 00:00:00+00:00,12.0,,18.90972222222222,,23.24375,,78.07847222222223,,0.7388194444444444,,22.133333333333336,,31.566666666666663,,93.73333333333332,,2.0066666666666664,,16.933333333333334,,19.1,,55.0,,0.1366666666666667,,25.45595238095238,,20.14666666666667,,70.02738095238095,,89.35,,1.0834523809523808,,0.2563333333333333,
2024-07-13 00:00:00+00:00,13.0,,18.888194444444444,,25.552777777777777,,69.88055555555556,,1.3158333333333334,,23.866666666666664,,36.73333333333333,,94.53333333333336,,3.55,,15.933333333333332,,17.8,,40.2,,0.11,,30.24285714285714,,18.986666666666668,,56.69285714285714,,88.34333333333333,,2.069523809523809,,0.2606666666666666,
2024-07-14 00:00:00+00:00,14.0,,18.820833333333333,,25.41111111111111,,70.59861111111111,,1.353611111111111,,23.73333333333333,,37.03333333333333,,95.2,,3.5866666666666664,,15.1,,15.966666666666669,,42.266666666666666,,0.0866666666666666,,31.011904761904763,,17.57,,55.42142857142857,,91.84666666666666,,2.198571428571429,,0.1706666666666667,
2024-07-15 00:00:00+00:00,15.0,,18.95208333333333,,26.070833333333336,,69.42222222222223,,1.5160416666666665,,23.83333333333333,,37.9,,96.76666666666668,,4.166666666666667,,15.333333333333334,,15.866666666666667,,36.73333333333333,,0.0566666666666666,,31.88095238095238,,17.936666666666667,,53.142857142857146,,92.21333333333334,,2.4766666666666666,,0.1711666666666666,
2024-07-16 00:00:00+00:00,16.0,,19.75555555555556,,26.55972222222222,,69.86111111111111,,1.4619444444444445,,24.26666666666667,,38.23333333333333,,95.56666666666666,,3.92,,15.733333333333334,,16.466666666666665,,41.7,,0.0833333333333333,,32.05714285714286,,18.863333333333333,,55.271428571428565,,90.28666666666666,,2.342619047619048,,0.229,
2024-07-17 00:00:00+00:00,17.0,,20.08888888888889,,25.429166666666664,,74.65416666666667,,1.0648611111111113,,24.266666666666666,,35.56666666666667,,95.6,,2.783333333333333,,16.5,,17.233333333333334,,52.26666666666667,,0.0833333333333333,,29.90714285714285,,19.16,,62.23333333333333,,92.04333333333334,,1.693095238095238,,0.1853333333333333,
2024-07-18 00:00:00+00:00,18.0,,20.216666666666665,,27.13055555555556,,70.125,,1.5481944444444444,,23.933333333333334,,39.06666666666667,,96.46666666666664,,4.286666666666666,,16.599999999999998,,17.166666666666668,,39.1,,0.07,,32.75714285714286,,19.25333333333333,,54.10476190476191,,92.55333333333331,,2.528809523809524,,0.1753333333333333,
2024-07-19 00:00:00+00:00,19.0,,19.709722222222226,,24.47083333333333,,77.87083333333334,,0.9977777777777778,,25.066666666666663,,39.46666666666667,,96.53333333333336,,4.01,,17.066666666666666,,17.666666666666668,,44.03333333333333,,0.07,,28.495238095238097,,18.836666666666662,,66.43095238095238,,93.88666666666668,,1.6140476190476192,,0.135,
2024-07-20 00:00:00+00:00,20.0,,18.916666666666668,,23.222222222222225,,78.96111111111111,,0.7981944444444444,,23.8,,34.06666666666666,,95.66666666666669,,2.4133333333333336,,16.7,,17.5,,53.8,,0.09,,26.77142857142857,,18.25333333333333,,68.3404761904762,,93.83,,1.275,,0.1306666666666666,
2024-07-21 00:00:00+00:00,21.0,,19.904166666666665,,25.105555555555554,,75.53472222222221,,1.0558333333333334,,25.9,,35.93333333333333,,96.96666666666664,,3.1166666666666667,,16.099999999999998,,16.599999999999998,,47.5,,0.06,,29.802380952380958,,18.53,,63.07142857142857,,92.98333333333332,,1.6959523809523809,,0.1596666666666666,
2024-07-22 00:00:00+00:00,22.0,,20.86458333333333,,24.28333333333333,,81.92083333333333,,0.619375,,27.566666666666663,,31.73333333333333,,93.86666666666667,,1.57,,16.766666666666666,,17.766666666666666,,59.76666666666667,,0.1266666666666666,,27.592857142857145,,19.65,,76.39285714285714,,89.66,,0.8873809523809524,,0.2441666666666667,
2024-07-23 00:00:00+00:00,23.0,,19.904166666666665,,23.45138888888889,,81.70833333333333,,0.6397222222222222,,24.633333333333336,,32.53333333333333,,94.46666666666664,,2.0033333333333334,,16.96666666666667,,17.900000000000002,,59.1,,0.1133333333333333,,26.27380952380952,,19.5,,74.3547619047619,,92.00333333333332,,0.9654761904761904,,0.1836666666666666,
2024-07-24 00:00:00+00:00,24.0,,19.184722222222224,,24.563888888888886,,75.16805555555555,,1.0752777777777778,,22.96666666666667,,36.5,,96.43333333333334,,3.3633333333333333,,15.8,,16.400000000000002,,44.43333333333334,,0.07,,28.86190476190476,,18.546666666666667,,63.22857142857142,,91.88333333333334,,1.7104761904761905,,0.186,
2024-07-25 00:00:00+00:00,25.0,,19.97222222222222,,25.016666666666666,,75.19166666666666,,0.94375,,25.166666666666668,,34.1,,93.2,,2.853333333333333,,16.533333333333335,,19.066666666666663,,46.66666666666666,,0.15,,28.63809523809524,,19.946666666666665,,66.9,,86.8,,1.393333333333333,,0.3143333333333333,
2024-07-26 00:00:00+00:00,26.0,,20.07361111111111,,26.14583333333333,,70.78888888888889,,1.180625,,25.1,,35.1,,85.13333333333333,,2.95,,16.5,,19.3,,47.93333333333334,,0.3333333333333333,,29.95238095238096,,20.816666666666663,,62.62619047619047,,82.21666666666667,,1.708095238095238,,0.4421666666666667,
2024-07-27 00:00:00+00:00,27.0,,21.211111111111112,,26.4625,,75.18472222222222,,1.0963888888888889,,26.96666666666667,,35.23333333333333,,95.96666666666664,,2.9633333333333334,,17.1,,18.433333333333334,,45.66666666666666,,0.0933333333333333,,31.01904761904762,,20.08333333333333,,63.64523809523809,,91.34,,1.7321428571428572,,0.2063333333333333,
2024-07-28 00:00:00+00:00,28.0,,21.99652777777777,,26.31041666666667,,79.28958333333334,,0.9492361111111112,,26.866666666666664,,37.46666666666667,,97.63333333333333,,3.513333333333333,,17.8,,18.2,,45.66666666666666,,0.05,,31.075,,19.64,,69.40357142857142,,93.13,,1.5046428571428572,,0.1716666666666667,
2024-07-29 00:00:00+00:00,29.0,,21.44305555555556,,25.940277777777776,,78.13194444444444,,0.9368055555555556,,26.96666666666667,,35.9,,95.46666666666664,,2.8633333333333333,,18.03333333333333,,18.8,,52.1,,0.0966666666666666,,30.104761904761904,,20.11,,67.76190476190476,,92.65,,1.478095238095238,,0.179,
2024-07-30 00:00:00+00:00,30.0,,21.791666666666668,,25.469444444444445,,81.97361111111111,,0.7780555555555555,,28.53333333333333,,33.766666666666666,,97.3,,2.3233333333333333,,17.766666666666666,,18.53333333333333,,55.16666666666666,,0.0633333333333333,,29.559523809523807,,19.74333333333333,,72.25238095238095,,95.58333333333331,,1.2616666666666667,,0.101,
2024-07-31 00:00:00+00:00,31.0,,22.979166666666668,,25.99236111111111,,84.88819444444444,,0.6697222222222222,,29.366666666666664,,34.166666666666664,,98.3,,2.32,,18.03333333333333,,18.33333333333333,,54.7,,0.0366666666666666,,30.175,,20.136666666666667,,76.43214285714285,,96.72666666666666,,1.09,,0.0813333333333333,
2024-08-01 00:00:00+00:00,32.0,,21.089583333333334,,23.88888888888889,,85.45069444444444,,0.5407638888888889,,27.9,,32.333333333333336,,97.3,,1.6933333333333334,,17.566666666666666,,18.5,,63.16666666666666,,0.06,,26.973809523809525,,19.57,,78.51309523809525,,95.16333333333333,,0.8475,,0.1113333333333333,
2024-08-02 00:00:00+00:00,33.0,,19.95138888888889,,22.25,,87.39861111111111,,0.3966666666666666,,27.166666666666668,,30.5,,95.6,,1.45,,16.3,,17.099999999999998,,64.86666666666666,,0.0866666666666666,,25.36190476190476,,17.893333333333334,,82.38095238095238,,94.42333333333332,,0.5976190476190476,,0.1153333333333333,
2024-08-03 00:00:00+00:00,34.0,,20.154166666666665,,23.22361111111111,,83.85000000000001,,0.54625,,27.73333333333333,,31.1,,96.43333333333334,,1.4933333333333332,,16.133333333333333,,16.7,,65.03333333333333,,0.0666666666666666,,26.714285714285715,,18.336666666666662,,79.21428571428571,,90.34,,0.7795238095238096,,0.2196666666666666,
2024-08-04 00:00:00+00:00,35.0,,20.356944444444444,,23.873611111111117,,81.27499999999999,,0.6131944444444445,,25.53333333333333,,30.46666666666667,,91.56666666666666,,1.346666666666667,,16.433333333333334,,18.066666666666663,,62.866666666666674,,0.18,,26.985714285714288,,19.516666666666666,,76.62619047619047,,87.78333333333333,,0.8461904761904762,,0.287,
2024-08-05 00:00:00+00:00,36.0,,21.459722222222226,,25.1625,,81.24861111111112,,0.7494444444444444,,26.96666666666667,,34.56666666666666,,93.96666666666664,,2.063333333333333,,17.7,,19.2,,57.46666666666667,,0.1533333333333333,,28.82857142857143,,20.03,,75.56666666666668,,89.20333333333333,,1.1035714285714284,,0.2536666666666666,
2024-08-06 00:00:00+00:00,37.0,,21.093055555555555,,25.85972222222222,,77.12777777777778,,1.0084722222222222,,26.366666666666664,,37.53333333333333,,95.16666666666669,,3.053333333333333,,17.733333333333334,,18.566666666666663,,52.79999999999999,,0.1066666666666666,,30.00952380952381,,20.05,,66.96904761904763,,91.35,,1.575238095238095,,0.215,
2024-08-07 00:00:00+00:00,38.0,,18.87638888888889,,21.90138888888889,,84.63194444444444,,0.5641666666666666,,26.133333333333336,,33.13333333333333,,96.4,,2.03,,16.26666666666667,,16.833333333333332,,59.900000000000006,,0.0666666666666666,,24.83095238095238,,17.8,,77.32142857142857,,94.86666666666666,,0.8919047619047619,,0.1053333333333333,
2024-08-08 00:00:00+00:00,39.0,,19.846527777777776,,23.92638888888889,,80.61041666666667,,0.8324305555555557,,28.166666666666668,,34.666666666666664,,97.9,,2.37,,15.5,,15.9,,57.5,,0.04,,28.695238095238096,,17.25,,68.59166666666667,,97.43666666666668,,1.3909523809523812,,0.0505,
2024-08-09 00:00:00+00:00,40.0,,21.42222222222222,,25.25,,82.28611111111111,,0.8852777777777777,,26.3,,36.8,,99.16666666666669,,3.1366666666666667,,16.2,,16.3,,49.46666666666667,,0.0166666666666666,,30.285714285714285,,18.2,,70.75238095238095,,98.43333333333334,,1.493095238095238,,0.0343333333333333,
2024-08-10 00:00:00+00:00,41.0,,22.199305555555554,,26.152430555555554,,81.41701388888889,,0.9333680555555556,,27.7,,37.63333333333333,,99.2,,3.063333333333333,,17.8,,17.900000000000002,,52.3,,0.02,,31.00654761904762,,19.356666666666666,,70.56011904761905,,96.61666666666666,,1.54125,,0.0823333333333333,
2024-08-11 00:00:00+00:00,42.0,,23.355555555555554,,26.659722222222225,,83.21666666666667,,0.7594444444444445,,31.4,,36.93333333333334,,97.2,,1.91,,17.900000000000002,,18.4,,61.56666666666666,,0.06,,31.35952380952381,,20.08,,74.87619047619047,,94.89333333333332,,1.211666666666667,,0.1263333333333333,
2024-08-12 00:00:00+00:00,43.0,,22.82777777777778,,26.17361111111111,,82.87361111111112,,0.7286111111111112,,29.53333333333333,,35.13333333333333,,97.26666666666668,,1.78,,18.133333333333333,,18.6,,67.3,,0.06,,30.39523809523809,,20.26333333333333,,74.82619047619048,,94.14,,1.1442857142857144,,0.1466666666666666,
2024-08-13 00:00:00+00:00,44.0,,20.60555555555556,,24.67361111111111,,80.52777777777779,,0.857361111111111,,27.3,,36.16666666666666,,98.46666666666664,,2.75,,17.46666666666667,,17.7,,54.53333333333333,,0.03,,28.86428571428572,,18.806666666666665,,68.84285714285714,,96.88666666666668,,1.421190476190476,,0.068,
2024-08-14 00:00:00+00:00,45.0,,19.479166666666668,,20.72083333333333,,92.90833333333336,,0.2018055555555555,,23.4,,27.266666666666666,,99.26666666666668,,0.8233333333333334,,16.766666666666666,,16.866666666666667,,77.60000000000001,,0.0133333333333333,,22.84523809523809,,17.746666666666666,,89.70952380952382,,97.38666666666668,,0.3066666666666666,,0.055,
2024-08-15 00:00:00+00:00,46.0,,20.086111111111112,,22.76944444444445,,85.99722222222222,,0.5116666666666667,,25.83333333333333,,30.899999999999995,,98.76666666666668,,1.2866666666666668,,15.433333333333332,,15.766666666666666,,67.13333333333334,,0.02,,26.764285714285712,,17.17666666666667,,78.22142857142856,,96.88333333333334,,0.8319047619047619,,0.0633333333333333,
2024-08-16 00:00:00+00:00,47.0,,21.15833333333333,,24.15833333333333,,85.15416666666667,,0.6223611111111111,,26.73333333333333,,32.0,,98.8,,1.95,,16.599999999999998,,17.066666666666666,,58.53333333333333,,0.0266666666666666,,28.183333333333334,,18.523333333333333,,76.14761904761905,,97.76333333333334,,1.0326190476190475,,0.048,
2024-08-17 00:00:00+00:00,48.0,,20.648611111111112,,23.3375,,86.06388888888888,,0.5251388888888889,,27.166666666666668,,32.166666666666664,,99.63333333333333,,1.8533333333333333,,16.599999999999998,,16.666666666666668,,62.0,,0.01,,27.276190476190475,,17.82333333333333,,78.4452380952381,,96.73,,0.8502380952380951,,0.0699999999999999,
2024-08-18 00:00:00+00:00,49.0,,19.01111111111111,,20.76805555555556,,90.57916666666668,,0.3093055555555555,,24.8,,29.83333333333333,,98.73333333333332,,1.413333333333333,,16.166666666666668,,16.599999999999998,,65.89999999999999,,0.0266666666666666,,22.885714285714283,,17.803333333333335,,85.88095238095238,,97.15666666666668,,0.4888095238095238,,0.058,
2024-08-19 00:00:00+00:00,50.0,,18.56388888888889,,19.5375,,94.35,,0.1429166666666666,,22.0,,24.266666666666666,,99.23333333333332,,0.53,,16.566666666666666,,17.0,,82.3,,0.0133333333333333,,21.00714285714286,,17.48,,91.62857142857142,,98.16,,0.2188095238095238,,0.0366666666666666,
2024-08-20 00:00:00+00:00,51.0,,19.32361111111111,,22.11180555555556,,85.3875,,0.4786805555555555,,22.33333333333333,,27.9,,98.43333333333334,,1.1900000000000002,,17.066666666666666,,17.333333333333332,,66.03333333333335,,0.03,,24.90595238095238,,18.2,,77.1309523809524,,96.94666666666669,,0.7746428571428572,,0.0643333333333333,
2024-08-21 00:00:00+00:00,52.0,,21.811111111111117,,25.425,,81.39027777777778,,0.757361111111111,,30.46666666666667,,36.333333333333336,,97.43333333333334,,1.7,,17.066666666666666,,17.466666666666665,,64.76666666666667,,0.05,,29.83095238095238,,19.256666666666668,,74.55,,90.96666666666668,,1.1435714285714285,,0.2166666666666666,
2024-08-22 00:00:00+00:00,53.0,,20.631944444444446,,24.19305555555556,,81.40833333333333,,0.6604166666666667,,27.933333333333334,,33.36666666666667,,95.26666666666668,,1.7299999999999998,,17.133333333333336,,18.266666666666666,,65.03333333333333,,0.0999999999999999,,27.428571428571427,,19.66333333333333,,75.58809523809524,,89.55666666666667,,0.9597619047619048,,0.2413333333333333,
2024-08-23 00:00:00+00:00,54.0,,21.3375,,24.55555555555556,,83.56944444444444,,0.6727083333333334,,28.0,,34.43333333333333,,97.86666666666667,,2.26,,16.0,,16.366666666666667,,57.56666666666666,,0.04,,28.973809523809525,,18.37,,75.10714285714286,,95.41666666666666,,1.0798809523809525,,0.1026666666666666,
2024-08-24 00:00:00+00:00,55.0,,21.11875,,24.834722222222226,,81.54305555555555,,0.7813194444444443,,28.0,,36.13333333333333,,97.7,,2.81,,16.8,,17.166666666666668,,53.13333333333333,,0.0466666666666666,,29.314285714285717,,18.563333333333333,,71.83571428571429,,95.13333333333334,,1.2629761904761905,,0.107,
2024-08-25 00:00:00+00:00,56.0,,20.759722222222223,,24.727777777777774,,80.09861111111111,,0.8091666666666667,,29.433333333333334,,37.16666666666666,,97.43333333333334,,2.706666666666667,,15.633333333333333,,16.033333333333335,,57.76666666666667,,0.05,,29.52857142857143,,18.006666666666668,,71.1047619047619,,92.69,,1.2716666666666667,,0.1616666666666666,
2024-08-26 00:00:00+00:00,57.0,,18.566666666666663,,22.32777777777778,,81.4263888888889,,0.6627777777777778,,23.7,,31.8,,99.16666666666669,,2.15,,16.0,,16.96666666666667,,53.4,,0.02,,25.71904761904762,,17.580000000000002,,71.78571428571429,,94.92333333333332,,1.0623809523809524,,0.1033333333333333,
2024-08-27 00:00:00+00:00,58.0,,18.979166666666668,,20.993055555555557,,89.2986111111111,,0.3634722222222222,,24.46666666666667,,31.600000000000005,,100.0,,1.7033333333333331,,15.1,,15.1,,64.86666666666666,,0.0,,24.214285714285715,,16.483333333333334,,83.2,,97.83666666666667,,0.5928571428571427,,0.0423333333333333,
2024-08-28 00:00:00+00:00,59.0,,17.981944444444444,,20.42638888888889,,87.2361111111111,,0.41625,,23.366666666666664,,28.53333333333333,,98.43333333333334,,1.45,,15.0,,15.266666666666666,,62.66666666666666,,0.0266666666666666,,23.72619047619048,,15.806666666666668,,79.67380952380952,,97.82333333333334,,0.6849999999999999,,0.04,
2024-08-29 00:00:00+00:00,60.0,,18.875,,23.141666666666666,,80.42777777777778,,0.893611111111111,,24.3,,34.86666666666667,,99.4,,2.69,,13.7,,13.8,,51.7,,0.01,,28.53095238095238,,15.596666666666668,,67.28571428571429,,98.82666666666668,,1.5166666666666668,,0.0213333333333333,
2024-08-30 00:00:00+00:00,61.0,,20.829166666666666,,22.883333333333336,,88.89999999999999,,0.39125,,27.73333333333333,,31.0,,100.0,,1.2733333333333334,,15.0,,15.0,,68.76666666666667,,0.0,,26.64523809523809,,17.616666666666667,,83.65476190476191,,96.24333333333333,,0.6057142857142858,,0.091,
2024-08-31 00:00:00+00:00,62.0,,20.79930555555556,,23.909722222222225,,83.73402777777777,,0.5729166666666666,,25.166666666666668,,31.166666666666668,,96.73333333333332,,1.3166666666666669,,17.966666666666665,,18.666666666666668,,68.43333333333334,,0.07,,26.952380952380956,,19.65,,75.8702380952381,,94.74333333333333,,0.8952380952380953,,0.1216666666666666,
2024-09-01 00:00:00+00:00,63.0,,19.146527777777777,,21.35833333333333,,88.03888888888889,,0.3605555555555556,,24.83333333333333,,27.96666666666667,,96.53333333333336,,1.3,,15.1,,15.666666666666666,,65.63333333333334,,0.0633333333333333,,24.08095238095238,,17.546666666666667,,83.5047619047619,,94.38666666666668,,0.5364285714285714,,0.1143333333333333,
2024-09-02 00:00:00+00:00,64.0,,18.04722222222222,,19.95833333333333,,89.27638888888889,,0.2968055555555555,,24.83333333333333,,27.3,,98.56666666666666,,0.8466666666666667,,13.3,,13.5,,73.63333333333334,,0.02,,23.354761904761904,,15.203333333333331,,85.23333333333333,,94.93666666666668,,0.4397619047619047,,0.0966666666666666,
2024-09-03 00:00:00+00:00,65.0,,17.59027777777778,,19.58055555555556,,89.19722222222221,,0.3209722222222222,,22.0,,27.366666666666664,,98.36666666666667,,1.0366666666666666,,13.166666666666666,,13.4,,71.89999999999999,,0.0233333333333333,,22.93095238095238,,14.89,,83.32380952380952,,97.42,,0.5188095238095238,,0.044,
2024-09-04 00:00:00+00:00,66.0,,17.779166666666665,,18.23055555555556,,97.29722222222222,,0.0706944444444444,,23.33333333333333,,24.933333333333334,,100.0,,0.3033333333333333,,13.233333333333334,,13.366666666666667,,90.8,,0.0,,20.402380952380952,,15.19,,95.8547619047619,,99.31666666666668,,0.1130952380952381,,0.0113333333333333,
2024-09-05 00:00:00+00:00,67.0,,17.001388888888886,,17.51388888888889,,96.9486111111111,,0.0679166666666666,,19.3,,21.53333333333333,,100.0,,0.3266666666666666,,16.0,,16.0,,87.43333333333334,,0.0,,18.29523809523809,,16.419999999999998,,95.03571428571428,,99.62666666666668,,0.1119047619047619,,0.0063333333333333,
2024-09-06 00:00:00+00:00,68.0,,17.961805555555554,,21.054861111111112,,84.35208333333334,,0.5377777777777778,,22.166666666666668,,31.933333333333334,,99.6,,2.0700000000000003,,15.533333333333331,,16.0,,56.333333333333336,,0.01,,24.47142857142857,,16.27166666666667,,74.72380952380954,,97.83166666666668,,0.8928571428571429,,0.0406666666666666,
2024-09-07 00:00:00+00:00,69.0,,17.4875,,21.73611111111111,,80.05972222222222,,0.8061111111111111,,21.53333333333333,,33.666666666666664,,99.1,,2.7100000000000004,,13.166666666666666,,13.333333333333334,,48.06666666666666,,0.0133333333333333,,26.38095238095238,,15.233333333333334,,67.9,,97.08333333333334,,1.3438095238095238,,0.0533333333333333,
2024-09-08 00:00:00+00:00,70.0,,17.295833333333334,,18.415972222222223,,93.63125,,0.1613888888888889,,20.23333333333333,,25.23333333333333,,98.86666666666667,,0.84,,14.166666666666666,,14.433333333333332,,73.86666666666666,,0.02,,20.060714285714287,,16.113333333333333,,90.44404761904762,,98.09333333333332,,0.2514285714285714,,0.0353333333333333,
2024-09-09 00:00:00+00:00,71.0,,15.799305555555556,,20.440277777777776,,78.46875,,0.7440972222222223,,18.3,,31.53333333333333,,99.13333333333333,,2.643333333333333,,11.333333333333334,,11.933333333333332,,42.96666666666667,,0.02,,23.81904761904762,,15.71,,65.11785714285715,,97.16,,1.2427380952380953,,0.046,
2024-09-10 00:00:00+00:00,72.0,,14.009722222222225,,19.5375,,75.31527777777778,,0.91125,,17.75,,32.166666666666664,,98.6,,2.87,,9.766666666666666,,9.966666666666669,,38.6,,0.02,,24.914285714285715,,12.01,,60.10833333333333,,96.605,,1.5258333333333332,,0.0508333333333333,
2024-09-11 00:00:00+00:00,73.0,,16.12013888888889,,19.2625,,84.34027777777779,,0.5008333333333334,,20.666666666666668,,29.366666666666664,,99.16666666666669,,1.7366666666666666,,12.966666666666669,,13.433333333333332,,56.63333333333333,,0.0166666666666666,,22.573809523809523,,14.626666666666669,,74.95,,97.48666666666666,,0.8288095238095238,,0.0416666666666666,
2024-09-12 00:00:00+00:00,74.0,,11.167361111111113,,11.394444444444444,,98.4888888888889,,0.0190277777777777,,15.333333333333334,,15.366666666666667,,100.0,,0.07,,8.1,,8.5,,95.0,,0.0,,10.533333333333331,,12.6,,98.18333333333332,,98.91666666666669,,0.023095238095238,,0.0133333333333333,
2024-09-13 00:00:00+00:00,75.0,,5.945833333333333,,13.747916666666669,,62.03055555555556,,0.6684722222222222,,10.0,,21.3,,98.13333333333333,,1.4966666666666668,,1.5,,8.466666666666667,,41.13333333333333,,0.02,,16.198809523809523,,10.316666666666666,,54.1,,73.13333333333333,,0.881904761904762,,0.3696666666666667,
2024-09-14 00:00:00+00:00,76.0,,4.036111111111111,,14.811111111111112,,49.04583333333333,,0.87125,,7.766666666666667,,19.266666666666666,,65.43333333333334,,1.1933333333333334,,1.6666666666666667,,11.9,,43.73333333333333,,0.4833333333333333,,15.716666666666669,,13.543333333333331,,49.34285714285714,,48.63,,0.9235714285714286,,0.7979999999999999,
2024-09-15 00:00:00+00:00,77.0,,6.183333333333334,,15.426388888888887,,55.25555555555556,,0.8258333333333333,,10.433333333333332,,22.133333333333336,,72.73333333333333,,1.403333333333333,,3.3666666666666667,,11.033333333333331,,43.23333333333333,,0.3733333333333333,,17.423809523809524,,12.63,,49.84761904761905,,62.82666666666667,,1.0223809523809524,,0.5506666666666666,
2024-09-16 00:00:00+00:00,78.0,,7.908333333333334,,14.1875,,67.05972222222222,,0.5790972222222223,,12.733333333333334,,23.366666666666664,,87.9,,1.403333333333333,,4.766666666666667,,7.3,,51.3,,0.125,,16.12857142857143,,11.47,,64.55952380952381,,70.56,,0.6938095238095238,,0.4185,
2024-09-17 00:00:00+00:00,79.0,,11.228472222222225,,14.558333333333332,,82.07430555555555,,0.3940277777777778,,16.5,,25.33333333333333,,96.3,,1.35,,6.166666666666667,,6.7,,57.43333333333334,,0.0333333333333333,,18.054761904761904,,9.663333333333332,,75.92619047619048,,90.68166666666666,,0.5923809523809523,,0.1163333333333333,
2024-09-18 00:00:00+00:00,80.0,,9.635416666666666,,12.111805555555556,,86.39513888888888,,0.2681944444444444,,13.533333333333331,,19.23333333333333,,98.59999999999998,,0.7733333333333333,,4.4,,4.6000000000000005,,64.56666666666666,,0.01,,15.719047619047618,,7.061666666666667,,78.39285714285714,,97.59833333333331,,0.4419047619047619,,0.025,
2024-09-19 00:00:00+00:00,81.0,,11.3,,13.44513888888889,,87.96527777777777,,0.2402083333333333,,14.433333333333332,,19.73333333333333,,99.03333333333336,,0.7033333333333333,,8.1,,8.333333333333334,,69.5,,0.01,,16.258333333333333,,9.506666666666668,,80.67619047619048,,98.17,,0.3960714285714286,,0.022,
2024-09-20 00:00:00+00:00,82.0,,12.497916666666669,,14.191666666666668,,90.25625,,0.1966666666666666,,18.266666666666666,,23.8,,98.2,,0.8433333333333334,,10.5,,10.933333333333332,,71.63333333333333,,0.0233333333333333,,16.25,,11.31,,84.81547619047619,,97.87333333333332,,0.3157142857142857,,0.03,
2024-09-21 00:00:00+00:00,83.0,,13.193055555555556,,14.583333333333334,,92.29375,,0.1774305555555555,,18.266666666666666,,21.366666666666664,,100.0,,0.7133333333333334,,9.85,,9.85,,72.0,,0.0,,17.347619047619048,,10.713333333333331,,87.2404761904762,,99.36833333333333,,0.2982142857142857,,0.0083333333333333,
2024-09-22 00:00:00+00:00,84.0,,13.225,,14.463888888888889,,92.87986111111113,,0.1645833333333333,,20.2,,23.366666666666664,,100.0,,0.7566666666666667,,7.8,,7.8,,72.73333333333333,,0.0,,17.98333333333333,,9.536666666666669,,88.5,,99.01166666666668,,0.2726190476190476,,0.0133333333333333,
2024-09-23 00:00:00+00:00,85.0,,12.955555555555556,,14.327777777777778,,92.21944444444443,,0.1719444444444444,,17.3,,22.46666666666667,,99.83333333333331,,0.7399999999999999,,8.299999999999999,,8.433333333333334,,72.8,,0.0,,16.89047619047619,,10.74,,87.40714285714286,,98.95666666666666,,0.2852380952380952,,0.0133333333333333,
2024-09-24 00:00:00+00:00,86.0,,14.297222222222222,,16.65972222222222,,87.46875,,0.3223611111111111,,17.8,,24.666666666666668,,99.46666666666664,,1.16,,11.566666666666668,,11.966666666666669,,62.73333333333333,,0.01,,19.20952380952381,,13.09,,79.7595238095238,,98.26166666666668,,0.5335714285714286,,0.0266666666666666,
2024-09-25 00:00:00+00:00,87.0,,13.719444444444443,,15.981944444444444,,87.50972222222221,,0.2925,,18.4,,24.6,,99.73333333333332,,0.9966666666666668,,10.066666666666668,,10.233333333333333,,67.83333333333333,,0.0,,18.552380952380958,,12.383333333333333,,81.41904761904762,,96.03666666666666,,0.4569047619047618,,0.0623333333333333,
2024-09-26 00:00:00+00:00,88.0,,13.788194444444445,,14.8875,,93.28402777777778,,0.1147222222222222,,14.866666666666667,,16.566666666666666,,98.66666666666669,,0.2566666666666666,,12.333333333333334,,13.466666666666669,,85.86666666666667,,0.02,,15.361904761904762,,14.223333333333333,,92.35,,94.59166666666668,,0.1352380952380952,,0.086,
2024-09-27 00:00:00+00:00,89.0,,16.553472222222222,,18.56736111111111,,89.41666666666667,,0.3423611111111111,,23.8,,31.0,,99.5,,1.5566666666666666,,12.833333333333334,,13.266666666666666,,63.43333333333333,,0.01,,21.36904761904762,,14.645,,83.25952380952381,,98.03666666666666,,0.5633333333333334,,0.033,
2024-09-28 00:00:00+00:00,90.0,,11.221527777777778,,15.94375,,77.61736111111111,,0.6026388888888888,,14.366666666666667,,28.433333333333334,,97.93333333333334,,2.44,,5.933333333333334,,7.1000000000000005,,37.13333333333333,,0.03,,19.25952380952381,,11.301666666666666,,65.51190476190476,,94.565,,0.9852380952380952,,0.0669999999999999,
2024-09-29 00:00:00+00:00,91.0,,8.718055555555555,,13.709722222222224,,77.02708333333334,,0.6069444444444444,,11.933333333333332,,26.066666666666663,,97.0,,2.083333333333333,,3.8666666666666663,,4.333333333333333,,38.3,,0.0266666666666666,,18.007142857142856,,7.693333333333333,,64.07619047619048,,95.15833333333332,,1.0035714285714286,,0.0516666666666666,
2024-09-30 00:00:00+00:00,92.0,,10.136111111111113,,12.72777777777778,,85.22222222222221,,0.2513888888888889,,11.666666666666666,,17.46666666666667,,97.86666666666667,,0.6766666666666666,,7.899999999999999,,8.233333333333333,,66.13333333333334,,0.02,,14.435714285714283,,10.336666666666666,,79.34761904761903,,93.44666666666669,,0.37,,0.0853333333333333,
2024-10-01 00:00:00+00:00,93.0,,11.390277777777778,,13.294444444444444,,89.03611111111111,,0.2004166666666667,,13.7,,18.133333333333336,,99.09999999999998,,0.56,,8.366666666666667,,8.6,,73.10000000000001,,0.01,,15.283333333333331,,10.51,,83.36190476190475,,96.98,,0.3130952380952381,,0.0426666666666666,
2024-10-02 00:00:00+00:00,94.0,,13.745138888888889,,15.138888888888888,,92.17291666666668,,0.178125,,17.400000000000002,,23.83333333333333,,98.76666666666668,,1.0366666666666666,,12.233333333333334,,12.6,,65.3,,0.02,,16.535714285714285,,13.183333333333334,,88.17619047619048,,97.76833333333336,,0.2809523809523809,,0.0341666666666666,
2024-10-03 00:00:00+00:00,95.0,,10.856944444444444,,11.551736111111111,,95.58541666666666,,0.0608333333333333,,12.666666666666666,,13.066666666666668,,98.26666666666668,,0.13,,8.5,,9.266666666666667,,91.3,,0.0266666666666666,,11.781547619047618,,11.23,,94.50833333333333,,97.09333333333332,,0.0771428571428571,,0.038,
2024-10-04 00:00:00+00:00,96.0,,9.093055555555557,,10.21111111111111,,93.10208333333333,,0.0955555555555555,,10.766666666666666,,14.0,,98.63333333333333,,0.3166666666666666,,8.333333333333334,,8.633333333333333,,80.46666666666667,,0.0133333333333333,,11.116666666666664,,8.943333333333333,,90.13214285714288,,97.26,,0.1407142857142857,,0.0323333333333333,
2024-10-05 00:00:00+00:00,97.0,,9.845138888888888,,11.286111111111111,,91.63958333333332,,0.1419444444444444,,12.8,,17.766666666666666,,99.63333333333333,,0.5666666666666667,,8.033333333333333,,8.166666666666666,,72.39999999999999,,0.0,,13.19285714285714,,8.616666666666667,,86.48809523809523,,98.85166666666666,,0.2347619047619047,,0.012,
2024-10-06 00:00:00+00:00,98.0,,9.256944444444445,,11.133333333333333,,89.40208333333334,,0.1790972222222222,,12.033333333333331,,16.46666666666667,,99.76666666666668,,0.6166666666666667,,6.2,,6.5,,66.86666666666667,,0.0,,13.2,,8.24,,82.51785714285714,,99.04,,0.3001190476190477,,0.0096666666666666,
2024-10-07 00:00:00+00:00,99.0,,11.104166666666666,,12.18888888888889,,94.0625,,0.1233333333333333,,14.033333333333331,,20.866666666666667,,100.0,,0.86,,7.466666666666666,,7.466666666666666,,65.2,,0.0,,14.085714285714287,,9.533333333333331,,90.04761904761905,,99.68333333333334,,0.2092857142857143,,0.003,
2024-10-08 00:00:00+00:00,100.0,,13.595138888888888,,13.635416666666666,,99.74722222222222,,0.0040277777777777,,14.85,,15.066666666666668,,100.0,,0.03,,12.1,,12.1,,98.23333333333332,,0.0,,14.31547619047619,,12.683333333333334,,99.56666666666668,,100.0,,0.0069047619047619,,0.0,
2024-10-09 00:00:00+00:00,101.0,,14.21111111111111,,15.54027777777778,,92.475,,0.1633333333333333,,15.833333333333334,,20.4,,100.0,,0.6366666666666666,,12.633333333333333,,12.633333333333333,,74.23333333333333,,0.0,,17.06904761904762,,13.4,,87.47857142857143,,99.47,,0.2742857142857143,,0.008,
2024-10-10 00:00:00+00:00,102.0,,12.03472222222222,,12.477777777777776,,97.2076388888889,,0.0438888888888888,,14.866666666666667,,16.099999999999998,,99.86666666666667,,0.14,,6.866666666666667,,6.866666666666667,,92.43333333333334,,0.0,,13.33809523809524,,11.273333333333332,,95.90238095238097,,99.035,,0.065,,0.0143333333333333,
2024-10-11 00:00:00+00:00,103.0,,8.854861111111111,,11.363888888888887,,87.24444444444445,,0.3161111111111111,,15.233333333333334,,25.4,,100.0,,1.5166666666666666,,4.766666666666667,,4.766666666666667,,53.333333333333336,,0.0,,15.35,,5.783333333333333,,78.60238095238095,,99.34333333333332,,0.5376190476190476,,0.006,
2024-10-12 00:00:00+00:00,104.0,,9.740277777777775,,11.669444444444444,,89.50833333333333,,0.2220833333333333,,15.333333333333334,,23.1,,100.0,,1.0833333333333333,,5.4,,5.5,,61.76666666666667,,0.0,,14.769047619047615,,7.33,,82.60238095238095,,99.17666666666666,,0.3738095238095238,,0.0096666666666666,
2024-10-13 00:00:00+00:00,105.0,,10.006944444444445,,11.881944444444445,,89.86319444444445,,0.2170138888888888,,14.966666666666669,,22.266666666666666,,100.0,,0.98,,6.666666666666667,,6.833333333333333,,61.53333333333333,,0.0,,14.821428571428571,,7.766666666666666,,83.14285714285714,,99.27166666666668,,0.3669047619047619,,0.0071666666666666,
2024-10-14 00:00:00+00:00,106.0,,10.52361111111111,,12.116666666666667,,91.2625,,0.1831944444444444,,14.033333333333331,,20.33333333333333,,100.0,,0.7999999999999999,,7.5,,7.533333333333334,,66.60000000000001,,0.0,,14.564285714285717,,8.690000000000001,,85.08809523809524,,99.90666666666668,,0.3135714285714285,,0.0006666666666666,
2024-10-15 00:00:00+00:00,107.0,,10.0875,,11.198611111111113,,93.6875,,0.125,,15.300000000000002,,18.73333333333333,,100.0,,0.6566666666666666,,6.9,,6.9,,70.2,,0.0,,13.842857142857143,,7.496666666666667,,89.18571428571428,,99.99,,0.2142857142857142,,0.0,
2024-10-16 00:00:00+00:00,108.0,,11.4625,,11.545833333333334,,99.45833333333331,,0.0080555555555555,,13.3,,13.866666666666667,,100.0,,0.07,,8.2,,8.2,,95.6,,0.0,,12.469047619047618,,10.253333333333334,,99.07142857142856,,100.0,,0.0138095238095238,,0.0,
2024-10-17 00:00:00+00:00,109.0,,14.334027777777775,,14.411805555555556,,99.49444444444444,,0.0088888888888888,,15.966666666666669,,16.3,,100.0,,0.04,,13.0,,13.0,,97.86666666666667,,0.0,,15.046428571428573,,13.523333333333332,,99.13333333333333,,100.0,,0.0152380952380952,,0.0,
2024-10-18 00:00:00+00:00,110.0,,13.585416666666667,,13.66875,,99.50694444444444,,0.0112499999999999,,18.33333333333333,,20.066666666666663,,100.0,,0.24,,10.666666666666666,,10.666666666666666,,89.86666666666667,,0.0,,14.16547619047619,,12.973333333333333,,99.15476190476193,,100.0,,0.0192857142857142,,0.0,
2024-10-19 00:00:00+00:00,111.0,,12.256944444444445,,12.269444444444444,,99.91527777777776,,0.00125,,13.833333333333334,,14.0,,100.0,,0.0166666666666666,,10.066666666666666,,10.066666666666666,,99.03333333333336,,0.0,,12.828571428571427,,11.486666666666668,,99.8547619047619,,100.0,,0.0021428571428571,,0.0,
2024-10-20 00:00:00+00:00,112.0,,14.66388888888889,,14.869444444444444,,98.75694444444444,,0.0286111111111111,,20.1,,21.1,,100.0,,0.1566666666666666,,12.633333333333333,,12.633333333333333,,93.76666666666668,,0.0,,16.07857142857143,,13.176666666666668,,97.86904761904762,,100.0,,0.049047619047619,,0.0,
2024-10-21 00:00:00+00:00,113.0,,14.979166666666666,,16.955555555555556,,90.09444444444443,,0.3026388888888889,,19.9,,26.8,,100.0,,1.4799999999999998,,11.5,,11.5,,58.0,,0.0,,19.59047619047619,,13.266666666666666,,83.08809523809524,,99.90333333333334,,0.5178571428571429,,0.0013333333333333,
2024-10-22 00:00:00+00:00,114.0,,13.440277777777778,,15.09027777777778,,91.4576388888889,,0.2385416666666666,,18.8,,25.2,,100.0,,1.27,,10.466666666666669,,10.466666666666669,,60.46666666666667,,0.0,,17.57857142857143,,11.606666666666666,,85.35595238095239,,100.0,,0.4089285714285714,,0.0,
2024-10-23 00:00:00+00:00,115.0,,13.41527777777778,,13.694444444444445,,98.29166666666669,,0.03125,,15.166666666666666,,16.5,,100.0,,0.17,,11.9,,11.9,,90.8,,0.0,,14.561904761904762,,12.48,,97.07142857142856,,100.0,,0.0535714285714285,,0.0,
2024-10-24 00:00:00+00:00,116.0,,13.934722222222222,,14.180555555555555,,98.45555555555556,,0.0279166666666666,,16.866666666666667,,17.5,,100.0,,0.1066666666666666,,12.233333333333334,,12.233333333333334,,94.23333333333332,,0.0,,15.114285714285714,,12.873333333333337,,97.5190476190476,,99.76666666666668,,0.0454761904761904,,0.0033333333333333,
2024-10-25 00:00:00+00:00,117.0,,13.845833333333331,,15.319444444444445,,91.69305555555556,,0.1823611111111111,,16.433333333333334,,21.0,,100.0,,0.64,,12.300000000000002,,12.300000000000002,,73.66666666666667,,0.0,,17.026190476190475,,12.93,,86.27142857142857,,99.28333333333332,,0.3047619047619047,,0.011,
2024-10-26 00:00:00+00:00,118.0,,13.918055555555556,,13.97638888888889,,99.62777777777778,,0.0070833333333333,,16.166666666666668,,16.7,,100.0,,0.0666666666666666,,12.8,,12.8,,96.6,,0.0,,14.62142857142857,,13.073333333333332,,99.36190476190475,,100.0,,0.0121428571428571,,0.0,
2024-10-27 00:00:00+00:00,119.0,,14.636111111111113,,15.779166666666669,,93.85277777777776,,0.1622222222222222,,19.933333333333334,,24.53333333333333,,100.0,,1.11,,12.933333333333332,,12.933333333333332,,63.36666666666667,,0.0,,17.414285714285715,,13.49,,89.66428571428571,,99.71666666666668,,0.275,,0.0043333333333333,
2024-10-28 00:00:00+00:00,120.0,,13.261111111111113,,14.7375,,92.0513888888889,,0.1905555555555555,,15.766666666666666,,22.566666666666663,,100.0,,0.94,,10.333333333333334,,10.333333333333334,,65.60000000000001,,0.0,,16.204761904761906,,12.683333333333334,,86.44047619047619,,99.90666666666668,,0.3254761904761905,,0.0016666666666666,
2024-10-29 00:00:00+00:00,121.0,,10.90625,,11.85625,,94.94444444444444,,0.1298611111111111,,20.266666666666666,,24.0,,100.0,,1.096666666666667,,6.8,,6.8,,63.26666666666667,,0.0,,14.342857142857142,,8.375,,91.33333333333334,,100.0,,0.2226190476190476,,0.0,
2024-10-30 00:00:00+00:00,122.0,,9.9625,,11.47222222222222,,92.38194444444444,,0.2088888888888889,,18.7,,24.96666666666667,,100.0,,1.4400000000000002,,5.8,,5.8,,54.06666666666666,,0.0,,14.957142857142856,,6.593333333333334,,86.94047619047619,,100.0,,0.3580952380952381,,0.0,
2024-10-31 00:00:00+00:00,123.0,,8.966666666666667,,10.63472222222222,,91.6736111111111,,0.2216666666666666,,17.533333333333335,,24.166666666666668,,100.0,,1.4066666666666665,,5.033333333333333,,5.033333333333333,,53.36666666666667,,0.0,,14.233333333333334,,5.596666666666667,,85.72619047619048,,100.0,,0.38,,0.0,
2024-11-01 00:00:00+00:00,124.0,,8.115277777777777,,9.890277777777778,,91.12916666666666,,0.2268055555555555,,16.099999999999998,,23.866666666666664,,100.0,,1.38,,3.633333333333333,,3.633333333333333,,53.5,,0.0,,13.55952380952381,,4.753333333333333,,84.79285714285713,,100.0,,0.3888095238095238,,0.0,
2024-11-02 00:00:00+00:00,125.0,,7.291666666666667,,9.03125,,91.2986111111111,,0.2159027777777777,,16.5,,23.566666666666663,,100.0,,1.46,,2.7,,2.7,,49.86666666666667,,0.0,,12.725,,3.86,,85.08333333333334,,100.0,,0.3701190476190476,,0.0,
2024-11-03 00:00:00+00:00,126.0,,6.104166666666667,,7.704166666666667,,91.8861111111111,,0.1840277777777778,,16.833333333333332,,21.933333333333334,,100.0,,1.2266666666666668,,1.6666666666666667,,1.6666666666666667,,52.29999999999999,,0.0,,11.342857142857143,,2.6100000000000003,,86.0904761904762,,100.0,,0.3154761904761905,,0.0,
2024-11-04 00:00:00+00:00,127.0,,5.8375,,7.399999999999999,,92.05555555555556,,0.1809722222222222,,16.433333333333334,,21.7,,100.0,,1.21,,1.2,,1.2,,53.56666666666666,,0.0,,11.147619047619049,,2.1533333333333333,,86.38095238095238,,100.0,,0.3102380952380952,,0.0,
2024-11-05 00:00:00+00:00,128.0,,4.241666666666666,,5.384722222222222,,93.78055555555557,,0.11,,13.7,,17.7,,100.0,,0.8433333333333333,,-0.6333333333333333,,-0.6333333333333333,,58.03333333333333,,0.0,,8.769047619047619,,0.6466666666666667,,89.33809523809524,,100.0,,0.1885714285714285,,0.0,
2024-11-06 00:00:00+00:00,129.0,,3.4277777777777776,,5.455555555555556,,90.08194444444445,,0.2076388888888889,,12.533333333333331,,20.2,,100.0,,1.2633333333333334,,-0.8666666666666667,,-0.8666666666666667,,46.66666666666666,,0.0,,9.285714285714286,,0.0933333333333333,,82.99761904761905,,100.0,,0.3559523809523809,,0.0,
2024-11-07 00:00:00+00:00,130.0,,3.4916666666666667,,5.164583333333334,,91.55763888888887,,0.166875,,14.866666666666667,,19.8,,100.0,,1.21,,-1.0666666666666669,,-1.0666666666666669,,47.66666666666666,,0.0,,8.877380952380951,,-0.0333333333333333,,85.52738095238094,,100.0,,0.2860714285714286,,0.0,
2024-11-08 00:00:00+00:00,131.0,,3.4402777777777778,,4.345833333333333,,94.80694444444444,,0.0791666666666666,,12.8,,16.599999999999998,,100.0,,0.6033333333333334,,-1.6333333333333335,,-1.6333333333333335,,63.66666666666666,,0.0,,7.216666666666667,,0.3266666666666665,,91.09761904761906,,100.0,,0.1357142857142857,,0.0,
2024-11-09 00:00:00+00:00,132.0,,3.9902777777777776,,4.872222222222223,,95.24305555555556,,0.0855555555555555,,12.2,,16.733333333333334,,100.0,,0.7366666666666667,,0.1333333333333333,,0.1333333333333333,,61.56666666666666,,0.0,,7.833333333333334,,0.7266666666666667,,91.84523809523807,,100.0,,0.1466666666666666,,0.0,
2024-11-10 00:00:00+00:00,133.0,,2.784722222222222,,4.172222222222222,,92.77083333333331,,0.1313888888888889,,13.766666666666666,,18.6,,100.0,,1.09,,-1.866666666666667,,-1.866666666666667,,49.16666666666666,,0.0,,7.711904761904762,,-0.7833333333333334,,87.60714285714286,,100.0,,0.2252380952380952,,0.0,
2024-11-11 00:00:00+00:00,134.0,,1.8763888888888889,,3.243055555555556,,92.74305555555556,,0.1169444444444444,,12.033333333333331,,16.833333333333332,,100.0,,0.94,,-2.2,,-2.2,,51.03333333333333,,0.0,,6.45,,-1.2466666666666666,,87.55952380952381,,100.0,,0.2004761904761905,,0.0,
2024-11-12 00:00:00+00:00,135.0,,0.6930555555555554,,2.3791666666666664,,91.325,,0.1397222222222222,,10.6,,16.766666666666666,,100.0,,0.9833333333333332,,-2.9333333333333336,,-2.9333333333333336,,48.76666666666667,,0.0,,5.621428571428572,,-2.16,,85.12857142857142,,100.0,,0.2395238095238095,,0.0,
2024-11-13 00:00:00+00:00,136.0,,1.7458333333333331,,3.254861111111111,,91.45416666666668,,0.1086805555555555,,10.866666666666664,,16.0,,100.0,,0.6733333333333333,,-3.733333333333333,,-3.733333333333333,,54.23333333333333,,0.0,,5.591666666666667,,-0.0166666666666665,,86.83571428571429,,97.92,,0.1741666666666666,,0.0169999999999999,
2024-11-14 00:00:00+00:00,137.0,,1.4652777777777777,,3.908333333333333,,87.93333333333334,,0.1902777777777777,,6.533333333333334,,17.266666666666666,,100.0,,1.1466666666666667,,-2.733333333333333,,-2.733333333333333,,39.13333333333333,,0.0,,6.19047619047619,,0.7133333333333333,,79.72857142857143,,99.42,,0.3228571428571428,,0.0046666666666666,
2024-11-15 00:00:00+00:00,138.0,,-0.6138888888888889,,0.8305555555555556,,92.18194444444444,,0.0993055555555555,,9.5,,14.133333333333336,,100.0,,0.82,,-4.3,,-4.3,,49.2,,0.0,,3.6404761904761904,,-3.103333333333333,,86.59761904761903,,100.0,,0.1702380952380952,,0.0,
2024-11-16 00:00:00+00:00,139.0,,-0.7319444444444444,,0.975,,91.29444444444444,,0.1276388888888888,,9.933333333333334,,15.0,,100.0,,0.8566666666666668,,-4.2,,-4.2,,47.13333333333333,,0.0,,3.997619047619048,,-3.2566666666666664,,85.07619047619048,,100.0,,0.2188095238095238,,0.0,
2024-11-17 00:00:00+00:00,140.0,,-0.8180555555555555,,0.5708333333333332,,92.46180555555556,,0.0939583333333333,,7.733333333333333,,12.266666666666666,,100.0,,0.6866666666666666,,-4.133333333333334,,-4.133333333333334,,51.8,,0.0,,3.142857142857143,,-3.03,,87.08214285714287,,99.99333333333334,,0.1610714285714285,,0.0,
2024-11-18 00:00:00+00:00,141.0,,0.6138888888888889,,1.3736111111111111,,95.27083333333331,,0.0463888888888888,,4.666666666666667,,7.7,,100.0,,0.26,,-2.5,,-2.5,,75.53333333333333,,0.0,,3.021428571428572,,-0.9333333333333332,,91.89285714285714,,100.0,,0.0795238095238095,,0.0,
2024-11-19 00:00:00+00:00,142.0,,1.772222222222222,,2.6527777777777777,,94.89305555555556,,0.0630555555555555,,6.0,,12.333333333333334,,100.0,,0.51,,-1.6666666666666667,,-1.6666666666666667,,64.7,,0.0,,4.414285714285714,,0.1866666666666667,,91.39761904761905,,99.78666666666666,,0.1066666666666666,,0.002,
2024-11-20 00:00:00+00:00,143.0,,0.3986111111111111,,4.95,,77.20277777777778,,0.21625,,9.9,,14.1,,100.0,,1.06,,-8.733333333333334,,-2.9,,31.03333333333333,,0.0,,6.878571428571428,,2.25,,70.22619047619047,,86.97,,0.3142857142857143,,0.079,
2024-11-21 00:00:00+00:00,144.0,,-5.108333333333333,,-0.5388888888888889,,74.16527777777777,,0.1802777777777778,,-0.1333333333333333,,4.666666666666667,,100.0,,0.4466666666666667,,-7.3,,-5.933333333333334,,47.66666666666666,,0.0,,0.9,,-2.5533333333333337,,64.6547619047619,,87.47999999999999,,0.2619047619047619,,0.066,
2024-11-22 00:00:00+00:00,145.0,,-5.827777777777778,,2.1840277777777777,,63.22708333333333,,0.3359722222222221,,-0.2333333333333333,,10.8,,100.0,,0.9666666666666668,,-12.233333333333334,,-4.466666666666666,,23.83333333333333,,0.0,,5.027380952380952,,-1.7966666666666664,,43.21785714285714,,91.24,,0.5457142857142857,,0.0423333333333333,
2024-11-23 00:00:00+00:00,146.0,,-4.644444444444445,,-0.8027777777777779,,78.59305555555555,,0.1745833333333333,,-2.566666666666667,,10.3,,96.0,,0.7599999999999999,,-6.8,,-5.266666666666667,,38.7,,0.02,,1.5166666666666664,,-4.05,,70.64285714285714,,89.72333333333333,,0.2661904761904762,,0.0463333333333333,
2024-11-24 00:00:00+00:00,147.0,,-2.6694444444444443,,-0.1249999999999999,,85.5,,0.1281944444444444,,-0.3999999999999999,,9.066666666666666,,99.83333333333331,,0.59,,-4.8,,-4.466666666666667,,49.46666666666667,,0.0,,2.3380952380952382,,-3.5733333333333333,,76.66190476190476,,97.87333333333332,,0.2135714285714285,,0.0086666666666666,
2024-11-25 00:00:00+00:00,148.0,,-1.2458333333333331,,0.1819444444444445,,91.60416666666669,,0.0804166666666666,,2.0,,9.566666666666666,,100.0,,0.4933333333333333,,-3.3000000000000003,,-3.3000000000000003,,60.26666666666667,,0.0,,1.573809523809524,,-1.7666666666666668,,86.95476190476191,,98.11333333333332,,0.1302380952380952,,0.0106666666666666,
2024-11-26 00:00:00+00:00,149.0,,2.7927083333333336,,3.7770833333333336,,93.76458333333332,,0.0605902777777777,,4.933333333333334,,9.1,,100.0,,0.29,,-2.233333333333333,,-2.233333333333333,,74.89999999999999,,0.0,,5.370238095238095,,1.5466666666666669,,90.40119047619046,,98.47333333333331,,0.0945833333333333,,0.013,
2024-11-27 00:00:00+00:00,150.0,,5.643055555555556,,6.495833333333334,,94.95972222222224,,0.0697222222222222,,9.133333333333333,,15.166666666666666,,100.0,,0.5733333333333334,,4.233333333333333,,4.233333333333333,,67.8,,0.0,,7.847619047619047,,4.6033333333333335,,91.53571428571428,,99.75333333333332,,0.1180952380952381,,0.002,
2024-11-28 00:00:00+00:00,151.0,,4.965277777777778,,6.080555555555556,,93.44027777777778,,0.0880555555555555,,8.033333333333333,,12.966666666666669,,100.0,,0.4333333333333333,,-0.1,,-0.1,,70.86666666666666,,0.0,,7.952380952380952,,3.46,,88.77380952380952,,99.97333333333331,,0.1509523809523809,,0.0,
2024-11-29 00:00:00+00:00,152.0,,-1.301388888888889,,-0.3249999999999999,,94.45277777777778,,0.0577777777777777,,9.566666666666668,,11.466666666666669,,100.0,,0.5166666666666667,,-4.533333333333333,,-4.533333333333333,,59.16666666666666,,0.0,,1.4904761904761905,,-2.8666666666666667,,90.51190476190476,,99.97,,0.099047619047619,,0.0,
2024-11-30 00:00:00+00:00,153.0,,-2.734722222222222,,-1.4472222222222222,,93.08888888888887,,0.08125,,6.2,,11.366666666666667,,100.0,,0.6466666666666666,,-5.366666666666667,,-5.366666666666667,,50.9,,0.0,,0.8428571428571427,,-4.653333333333333,,88.15238095238094,,100.0,,0.1392857142857143,,0.0,
2024-12-01 00:00:00+00:00,154.0,,-3.1152777777777776,,-1.125,,89.425,,0.1177777777777777,,2.3666666666666667,,11.566666666666668,,100.0,,0.7200000000000001,,-5.7,,-5.7,,45.53333333333333,,0.0,,1.2714285714285716,,-4.48,,82.47619047619048,,99.15333333333334,,0.1988095238095238,,0.0043333333333333,
2024-12-02 00:00:00+00:00,155.0,,-3.061111111111112,,-1.3625,,90.84305555555557,,0.1015277777777777,,2.433333333333333,,11.366666666666667,,100.0,,0.6733333333333333,,-6.3,,-6.233333333333333,,49.96666666666667,,0.0,,1.0523809523809524,,-4.743333333333333,,84.37857142857142,,99.89333333333336,,0.1738095238095238,,0.0003333333333333,
2024-12-03 00:00:00+00:00,156.0,,3.23815048849004e-17,,1.3208333333333333,,91.61944444444444,,0.0698611111111111,,2.3666666666666667,,6.133333333333333,,100.0,,0.2366666666666666,,-3.7,,-3.7,,74.86666666666667,,0.0,,3.183333333333333,,-1.2866666666666666,,86.77142857142857,,98.40666666666668,,0.1126190476190476,,0.01,
2024-12-04 00:00:00+00:00,157.0,,1.7041666666666666,,2.1625,,97.0125,,0.0275,,5.833333333333333,,8.0,,100.0,,0.1466666666666666,,-3.1666666666666665,,-3.1666666666666665,,86.43333333333334,,0.0,,3.897619047619048,,-0.2666666666666667,,95.82142857142856,,98.68,,0.0409523809523809,,0.0086666666666666,
2024-12-05 00:00:00+00:00,158.0,,-2.404166666666667,,-1.965277777777778,,97.02638888888887,,0.0226388888888888,,7.966666666666666,,9.066666666666668,,100.0,,0.1733333333333333,,-5.566666666666666,,-5.566666666666666,,80.89999999999999,,0.0,,-0.388095238095238,,-4.173333333333334,,95.44761904761904,,99.23666666666666,,0.0361904761904761,,0.0036666666666666,
2024-12-06 00:00:00+00:00,159.0,,-2.219444444444445,,1.7930555555555554,,78.99722222222222,,0.2072222222222222,,0.6333333333333333,,10.233333333333333,,98.46666666666664,,0.7933333333333333,,-6.6000000000000005,,-3.466666666666667,,32.36666666666667,,0.0066666666666666,,3.7166666666666655,,-0.9,,71.89999999999999,,88.93333333333334,,0.2878571428571428,,0.0943333333333333,
2024-12-07 00:00:00+00:00,160.0,,-2.0277777777777777,,0.1291666666666666,,86.35138888888889,,0.0981944444444444,,-0.1333333333333333,,5.166666666666667,,99.8,,0.2866666666666667,,-4.966666666666666,,-4.8,,67.36666666666666,,0.0,,1.4023809523809525,,-1.6533333333333335,,82.48095238095239,,91.77,,0.1323809523809523,,0.0503333333333333,
2024-12-08 00:00:00+00:00,161.0,,0.6291666666666667,,0.6291666666666667,,99.99583333333334,,0.0,,1.3333333333333333,,1.3333333333333333,,100.0,,0.0,,0.0,,0.0,,99.9,,0.0,,0.7833333333333333,,0.4133333333333333,,100.0,,99.99,,0.0,,0.0,
2024-12-09 00:00:00+00:00,162.0,,1.459722222222222,,1.459722222222222,,100.0,,0.0,,4.433333333333334,,4.433333333333334,,100.0,,0.0,,0.0333333333333333,,0.0333333333333333,,100.0,,0.0,,2.1,,0.5633333333333332,,100.0,,100.0,,0.0,,0.0,
2024-12-10 00:00:00+00:00,163.0,,1.89375,,1.89375,,100.0,,0.0,,4.366666666666666,,4.366666666666666,,100.0,,0.0,,0.6333333333333333,,0.6333333333333333,,100.0,,0.0,,2.5226190476190475,,1.0133333333333332,,100.0,,100.0,,0.0,,0.0,
2024-12-11 00:00:00+00:00,164.0,,-0.5965277777777778,,-0.4979166666666668,,99.34097222222222,,0.0069444444444444,,8.566666666666668,,9.266666666666666,,100.0,,0.0533333333333333,,-4.633333333333334,,-4.633333333333334,,95.25,,0.0,,0.8297619047619047,,-2.3566666666666665,,98.8702380952381,,100.0,,0.0119047619047619,,0.0,
2024-12-12 00:00:00+00:00,165.0,,-3.3569444444444443,,-3.277777777777778,,99.475,,0.0052777777777777,,6.833333333333333,,7.399999999999999,,100.0,,0.0433333333333333,,-6.666666666666667,,-6.666666666666667,,95.96666666666664,,0.0,,-1.5214285714285718,,-5.736666666666666,,99.1,,100.0,,0.009047619047619,,0.0,
2024-12-13 00:00:00+00:00,166.0,,-2.638888888888889,,-2.5625000000000004,,99.48333333333332,,0.0047222222222222,,6.433333333333334,,6.9,,100.0,,0.0499999999999999,,-7.733333333333334,,-7.733333333333334,,95.0,,0.0,,-1.0880952380952382,,-4.626666666666667,,99.11428571428571,,100.0,,0.008095238095238,,0.0,
2024-12-14 00:00:00+00:00,167.0,,0.5305555555555556,,0.5319444444444444,,99.98888888888888,,0.0001388888888888,,3.6666666666666665,,3.7,,100.0,,0.0033333333333333,,-1.3333333333333333,,-1.3333333333333333,,99.73333333333332,,0.0,,1.2119047619047618,,-0.4199999999999999,,99.9809523809524,,100.0,,0.0002380952380952,,0.0,
2024-12-15 00:00:00+00:00,168.0,,-0.1361111111111111,,0.0416666666666667,,98.83472222222224,,0.0102777777777777,,8.333333333333334,,9.233333333333334,,100.0,,0.0733333333333333,,-3.1666666666666665,,-3.1666666666666665,,89.36666666666667,,0.0,,0.8595238095238097,,-1.1033333333333333,,99.0547619047619,,98.52666666666669,,0.0104761904761904,,0.01,
2024-12-16 00:00:00+00:00,169.0,,0.323611111111111,,2.558333333333333,,87.04027777777777,,0.136875,,3.9,,13.2,,100.0,,0.7050000000000001,,-1.9333333333333331,,-1.9333333333333331,,53.7,,0.0,,4.466666666666667,,-0.1133333333333332,,82.54047619047618,,93.34,,0.2039285714285714,,0.043,
2024-12-17 00:00:00+00:00,170.0,,-0.075,,0.5277777777777777,,96.44583333333333,,0.0429166666666666,,6.4,,12.033333333333331,,100.0,,0.4433333333333333,,-2.2333333333333334,,-2.2333333333333334,,68.63333333333334,,0.0,,2.164285714285714,,-1.7633333333333332,,93.90714285714286,,100.0,,0.0735714285714285,,0.0,
2024-12-18 00:00:00+00:00,171.0,,-0.5875,,-0.1402777777777777,,97.28194444444443,,0.0302777777777777,,5.966666666666666,,9.133333333333333,,100.0,,0.2566666666666666,,-3.9666666666666655,,-3.9666666666666655,,77.86666666666667,,0.0,,1.5785714285714287,,-2.5466666666666664,,95.3404761904762,,100.0,,0.0519047619047619,,0.0,
2024-12-19 00:00:00+00:00,172.0,,0.3854166666666666,,0.3854166666666666,,100.0,,0.0,,3.0,,3.0,,100.0,,0.0,,-4.4,,-4.4,,100.0,,0.0,,1.5142857142857142,,-1.195,,100.0,,100.0,,0.0,,0.0,
2024-12-20 00:00:00+00:00,173.0,,-2.1034722222222224,,4.483333333333333,,66.75277777777778,,0.3084027777777777,,5.166666666666667,,10.0,,100.0,,0.765,,-6.6000000000000005,,-1.3,,37.8,,0.0,,6.214285714285714,,2.06,,53.83809523809524,,84.83333333333333,,0.4586904761904762,,0.098,
2024-12-21 00:00:00+00:00,174.0,,-4.697222222222222,,-1.59375,,82.03055555555555,,0.1355555555555555,,-2.033333333333333,,9.133333333333333,,98.0,,0.6266666666666667,,-6.1000000000000005,,-5.466666666666666,,45.86666666666667,,0.0066666666666666,,-0.5523809523809524,,-3.0516666666666667,,79.41666666666666,,85.69,,0.178095238095238,,0.076,
2024-12-22 00:00:00+00:00,175.0,,-2.45,,-1.6555555555555557,,94.75694444444444,,0.0330555555555555,,-0.3333333333333333,,1.5,,100.0,,0.14,,-4.633333333333334,,-4.633333333333334,,79.3,,0.0,,-0.8261904761904761,,-2.816666666666667,,91.98333333333332,,98.64,,0.0521428571428571,,0.0063333333333333,
2024-12-23 00:00:00+00:00,176.0,,-7.429166666666667,,4.2652777777777775,,46.1875,,0.4965277777777777,,-1.0,,13.033333333333331,,100.0,,1.14,,-11.1,,-1.8666666666666665,,24.0,,0.0,,5.121428571428572,,3.0666666666666664,,37.66904761904762,,58.11333333333333,,0.5926190476190476,,0.362,
2024-12-24 00:00:00+00:00,177.0,,-7.32361111111111,,5.673611111111111,,40.03333333333333,,0.5801388888888889,,-4.466666666666667,,14.033333333333331,,64.43333333333332,,1.1566666666666665,,-9.4,,-0.8666666666666667,,26.433333333333334,,0.2066666666666666,,6.84047619047619,,4.04,,37.23571428571429,,43.95,,0.6583333333333333,,0.4706666666666667,
2024-12-25 00:00:00+00:00,178.0,,-5.918055555555555,,-2.3041666666666667,,79.7375,,0.1588888888888888,,-2.2,,9.9,,99.16666666666669,,0.7433333333333333,,-8.200000000000001,,-8.066666666666668,,39.266666666666666,,0.0033333333333333,,-0.7238095238095238,,-4.516666666666668,,76.35952380952381,,84.46666666666667,,0.2109523809523809,,0.086,
2024-12-26 00:00:00+00:00,179.0,,-6.466666666666666,,-4.238888888888889,,88.01527777777778,,0.1038888888888888,,-2.5,,8.866666666666667,,99.36666666666667,,0.6633333333333333,,-8.466666666666667,,-8.299999999999999,,41.6,,0.0,,-1.8190476190476192,,-7.626666666666667,,80.34523809523809,,98.75333333333332,,0.1759523809523809,,0.003,
2024-12-27 00:00:00+00:00,180.0,,-5.47986111111111,,-3.6041666666666665,,89.73958333333333,,0.0951388888888888,,-0.8000000000000002,,9.7,,99.6,,0.63,,-8.700000000000001,,-8.6,,47.15,,0.0,,-1.2547619047619043,,-6.8933333333333335,,83.19880952380952,,98.89666666666668,,0.1609523809523809,,0.003,
2024-12-28 00:00:00+00:00,181.0,,-3.029166666666667,,-1.3902777777777775,,91.03611111111113,,0.0991666666666666,,2.333333333333333,,11.9,,100.0,,0.6666666666666666,,-5.9,,-5.866666666666667,,52.26666666666667,,0.0,,0.8738095238095239,,-4.5600000000000005,,84.78333333333333,,99.79,,0.1697619047619047,,0.0003333333333333,
2024-12-29 00:00:00+00:00,182.0,,-2.355555555555556,,-1.3388888888888888,,94.31944444444444,,0.0697222222222222,,5.4,,11.9,,100.0,,0.5733333333333334,,-5.533333333333334,,-5.533333333333334,,58.8,,0.0,,0.8928571428571429,,-4.463333333333333,,90.26190476190476,,100.0,,0.1195238095238095,,0.0,
2024-12-30 00:00:00+00:00,183.0,,-2.473611111111111,,-1.7666666666666666,,95.83888888888887,,0.0487499999999999,,6.066666666666666,,11.066666666666668,,100.0,,0.4033333333333333,,-5.833333333333333,,-5.833333333333333,,69.76666666666667,,0.0,,0.2976190476190477,,-4.656666666666666,,92.86666666666667,,100.0,,0.0835714285714285,,0.0,
2024-12-31 00:00:00+00:00,184.0,,-3.263888888888889,,-2.5722222222222224,,95.92569444444445,,0.045,,4.8,,10.1,,100.0,,0.37,,-6.5,,-6.5,,70.15,,0.0,,-0.4428571428571428,,-5.553333333333333,,93.0154761904762,,100.0,,0.0771428571428571,,0.0,
2025-01-01 00:00:00+00:00,185.0,,-4.093055555555556,,-3.408333333333333,,95.82916666666668,,0.0398611111111111,,3.5666666666666664,,8.633333333333333,,100.0,,0.33,,-7.233333333333333,,-7.233333333333333,,70.7,,0.0,,-1.3738095238095238,,-6.256666666666666,,92.85,,100.0,,0.0683333333333333,,0.0,
2025-01-02 00:00:00+00:00,186.0,,-2.7625,,-2.402777777777778,,97.59861111111113,,0.0166666666666666,,0.3,,2.3666666666666667,,100.0,,0.0999999999999999,,-6.366666666666667,,-6.366666666666667,,86.5,,0.0,,-0.8166666666666667,,-4.623333333333333,,95.88333333333334,,100.0,,0.0285714285714285,,0.0,
2025-01-03 00:00:00+00:00,187.0,,-2.961111111111111,,-0.0847222222222221,,85.83888888888889,,0.1584722222222222,,2.033333333333333,,13.133333333333333,,100.0,,1.0333333333333334,,-6.366666666666667,,-6.366666666666667,,31.53333333333333,,0.0,,1.8904761904761904,,-2.85,,76.14285714285714,,99.41333333333333,,0.2695238095238095,,0.003,
2025-01-04 00:00:00+00:00,188.0,,-6.184722222222223,,-5.023611111111111,,93.20972222222224,,0.0519444444444444,,0.1,,5.9,,100.0,,0.41,,-9.7,,-9.633333333333333,,55.9,,0.0,,-3.154761904761905,,-7.640000000000001,,88.42142857142858,,99.91333333333333,,0.089047619047619,,0.0,
2025-01-05 00:00:00+00:00,189.0,,-2.0541666666666667,,-0.8722222222222222,,92.23333333333332,,0.0511111111111111,,-0.7666666666666666,,1.8666666666666665,,100.0,,0.1433333333333333,,-6.333333333333333,,-6.333333333333333,,79.03333333333335,,0.0,,0.3928571428571428,,-2.643333333333333,,88.44761904761904,,97.53333333333332,,0.0771428571428571,,0.0146666666666666,
2025-01-06 00:00:00+00:00,190.0,,0.4347222222222222,,1.2430555555555556,,94.48472222222222,,0.0380555555555555,,3.3000000000000003,,3.533333333333333,,99.83333333333331,,0.0966666666666666,,-2.733333333333333,,-2.5,,87.66666666666667,,0.0,,1.8404761904761904,,0.4066666666666668,,92.51428571428572,,97.24333333333334,,0.0533333333333333,,0.0166666666666666,
2025-01-07 00:00:00+00:00,191.0,,3.719444444444445,,3.719444444444445,,100.0,,0.0,,6.3,,6.3,,100.0,,0.0,,2.2333333333333334,,2.2333333333333334,,100.0,,0.0,,4.345238095238096,,2.8433333333333333,,100.0,,100.0,,0.0,,0.0,
2025-01-08 00:00:00+00:00,192.0,,3.6972222222222224,,3.7916666666666665,,99.37777777777778,,0.0061111111111111,,9.633333333333333,,10.1,,100.0,,0.0366666666666666,,1.4666666666666668,,1.4666666666666668,,96.9,,0.0,,4.483333333333333,,2.8233333333333333,,99.14761904761905,,99.7,,0.0085714285714285,,0.0026666666666666,
2025-01-09 00:00:00+00:00,193.0,,4.302777777777778,,4.302777777777778,,100.0,,0.0,,5.733333333333333,,5.733333333333333,,100.0,,0.0,,3.7000000000000006,,3.7000000000000006,,100.0,,0.0,,4.626190476190476,,3.85,,100.0,,100.0,,0.0,,0.0,
2025-01-10 00:00:00+00:00,194.0,,-0.4958333333333333,,2.766666666666667,,82.98611111111111,,0.1559722222222222,,4.466666666666667,,8.433333333333334,,100.0,,0.66,,-5.366666666666667,,-0.3999999999999999,,40.63333333333333,,0.0,,3.2214285714285715,,2.13,,73.80238095238096,,95.84333333333332,,0.2488095238095238,,0.026,
2025-01-11 00:00:00+00:00,195.0,,-3.448611111111111,,-1.3958333333333333,,87.98333333333333,,0.0993055555555555,,-0.5666666666666667,,9.366666666666667,,100.0,,0.59,,-5.8,,-5.8,,49.56666666666666,,0.0,,-0.2166666666666666,,-3.0466666666666664,,84.64285714285714,,92.66,,0.1397619047619047,,0.0426666666666666,
2025-01-12 00:00:00+00:00,196.0,,-5.395833333333333,,-2.173611111111111,,81.87569444444445,,0.1438888888888888,,-1.8666666666666665,,9.9,,100.0,,0.6966666666666667,,-7.766666666666667,,-6.833333333333333,,43.5,,0.0,,-0.1380952380952381,,-5.023333333333333,,75.02499999999999,,91.46666666666668,,0.215,,0.0443333333333333,
2025-01-13 00:00:00+00:00,197.0,,-6.358333333333333,,-2.9055555555555554,,80.9375,,0.1494444444444444,,-2.566666666666667,,9.333333333333334,,100.0,,0.73,,-8.066666666666666,,-7.633333333333333,,37.86666666666667,,0.0,,-0.8285714285714284,,-5.8133333333333335,,74.35714285714286,,90.15,,0.2247619047619047,,0.044,
2025-01-14 00:00:00+00:00,198.0,,-5.754166666666666,,-3.6791666666666663,,88.79236111111112,,0.1020138888888888,,-0.5333333333333333,,8.600000000000001,,100.0,,0.615,,-8.833333333333334,,-8.833333333333334,,44.95,,0.0,,-1.045238095238095,,-7.366666666666667,,81.22500000000001,,99.38666666666668,,0.1734523809523809,,0.002,
2025-01-15 00:00:00+00:00,199.0,,-4.8125,,-1.9916666666666665,,84.65694444444445,,0.1344444444444444,,-2.2666666666666666,,9.633333333333333,,100.0,,0.68,,-7.666666666666667,,-7.666666666666667,,43.3,,0.0,,0.6404761904761906,,-5.676666666666667,,74.91666666666666,,98.29333333333334,,0.2247619047619047,,0.008,
2025-01-16 00:00:00+00:00,200.0,,-3.209722222222222,,-0.3361111111111112,,83.85972222222222,,0.1480555555555555,,-0.2333333333333333,,10.5,,100.0,,0.6633333333333333,,-5.366666666666667,,-5.166666666666667,,47.833333333333336,,0.0,,1.611904761904762,,-3.063333333333333,,78.58809523809524,,91.24,,0.2195238095238095,,0.048,
2025-01-17 00:00:00+00:00,201.0,,-3.722222222222222,,-2.529166666666667,,93.31944444444444,,0.0731944444444444,,2.8666666666666667,,9.966666666666669,,100.0,,0.51,,-6.866666666666667,,-6.866666666666667,,58.46666666666667,,0.0,,-0.1214285714285714,,-5.9,,88.54761904761905,,100.0,,0.1254761904761904,,0.0,
2025-01-18 00:00:00+00:00,202.0,,-4.095138888888889,,-2.163194444444444,,89.52916666666665,,0.1073611111111111,,2.1333333333333333,,11.466666666666669,,100.0,,0.7466666666666667,,-7.5,,-7.5,,45.0,,0.0,,0.155952380952381,,-5.41,,82.79523809523809,,98.95666666666668,,0.1809523809523809,,0.0043333333333333,
2025-01-19 00:00:00+00:00,203.0,,0.3638888888888889,,1.502777777777778,,92.54583333333332,,0.0540277777777777,,2.766666666666667,,4.233333333333333,,100.0,,0.1866666666666666,,-3.1666666666666665,,-2.833333333333333,,77.43333333333334,,0.0,,2.5904761904761906,,-0.0199999999999999,,89.26428571428572,,97.14,,0.0811904761904761,,0.016,
2025-01-20 00:00:00+00:00,204.0,,1.9569444444444448,,1.9569444444444448,,100.0,,0.0,,4.6000000000000005,,4.6000000000000005,,100.0,,0.0,,-0.3999999999999999,,-0.3999999999999999,,100.0,,0.0,,2.7642857142857147,,0.8266666666666668,,100.0,,100.0,,0.0,,0.0,
2025-01-21 00:00:00+00:00,205.0,,2.2163194444444443,,2.236111111111111,,99.86875,,0.001875,,11.9,,12.1,,100.0,,0.025,,-2.333333333333333,,-2.333333333333333,,98.25,,0.0,,3.897619047619048,,-0.09,,99.775,,100.0,,0.0032142857142857,,0.0,
2025-01-22 00:00:00+00:00,206.0,,1.3652777777777778,,1.3652777777777778,,100.0,,0.0,,5.333333333333333,,5.333333333333333,,100.0,,0.0,,-2.8666666666666667,,-2.8666666666666667,,100.0,,0.0,,2.628571428571429,,-0.4033333333333334,,100.0,,100.0,,0.0,,0.0,
2025-01-23 00:00:00+00:00,207.0,,2.752083333333333,,2.752083333333333,,100.0,,0.0,,5.0,,5.0,,100.0,,0.0,,0.0999999999999999,,0.0999999999999999,,100.0,,0.0,,3.5559523809523808,,1.6266666666666665,,100.0,,100.0,,0.0,,0.0,
2025-01-24 00:00:00+00:00,208.0,,1.7402777777777778,,1.7625,,99.85,,0.0016666666666666,,10.5,,10.6,,100.0,,0.02,,-1.2333333333333334,,-1.2333333333333334,,98.33333333333331,,0.0,,3.230952380952381,,-0.2933333333333333,,99.74285714285716,,100.0,,0.0028571428571428,,0.0,
2025-01-25 00:00:00+00:00,209.0,,4.172222222222222,,4.815277777777777,,96.11805555555556,,0.0473611111111111,,8.233333333333333,,12.5,,100.0,,0.4399999999999999,,0.9,,0.9,,69.76666666666667,,0.0,,6.014285714285714,,3.1366666666666667,,93.47380952380952,,99.82,,0.0799999999999999,,0.0016666666666666,
2025-01-26 00:00:00+00:00,210.0,,5.670833333333333,,5.673611111111111,,99.97777777777776,,0.0002777777777777,,10.6,,10.666666666666666,,100.0,,0.0066666666666666,,4.366666666666666,,4.366666666666666,,99.46666666666664,,0.0,,6.1761904761904765,,4.970000000000001,,99.96190476190476,,100.0,,0.0004761904761904,,0.0,
2025-01-27 00:00:00+00:00,211.0,,5.465277777777778,,5.465277777777778,,100.0,,0.0,,6.266666666666667,,6.266666666666667,,100.0,,0.0,,3.9,,3.9,,100.0,,0.0,,5.75,,5.066666666666666,,100.0,,100.0,,0.0,,0.0,
2025-01-28 00:00:00+00:00,212.0,,7.002777777777777,,7.002777777777777,,100.0,,0.0,,10.966666666666669,,10.966666666666669,,100.0,,0.0,,1.6333333333333335,,1.6333333333333335,,100.0,,0.0,,8.45,,4.976666666666667,,100.0,,100.0,,0.0,,0.0,
2025-01-29 00:00:00+00:00,213.0,,2.336805555555556,,2.8937500000000003,,96.73472222222222,,0.0438888888888888,,10.2,,12.333333333333334,,100.0,,0.42,,-1.5666666666666669,,-1.5666666666666669,,70.13333333333334,,0.0,,4.954761904761904,,0.0083333333333333,,94.40238095238097,,100.0,,0.0752380952380952,,0.0,
2025-01-30 00:00:00+00:00,214.0,,0.8791666666666668,,1.6222222222222225,,95.53472222222224,,0.0529166666666666,,6.666666666666667,,10.233333333333334,,100.0,,0.3033333333333333,,-2.6666666666666665,,-2.6666666666666665,,76.03333333333333,,0.0,,4.080952380952381,,-1.82,,92.3452380952381,,100.0,,0.0907142857142857,,0.0,
2025-01-31 00:00:00+00:00,215.0,,1.5013888888888889,,1.679166666666667,,98.8625,,0.0116666666666666,,5.766666666666667,,7.333333333333333,,100.0,,0.1066666666666666,,-2.966666666666667,,-2.966666666666667,,89.96666666666665,,0.0,,3.1023809523809525,,-0.3133333333333333,,98.05,,100.0,,0.02,,0.0,
2025-02-01 00:00:00+00:00,216.0,,3.783333333333333,,3.783333333333333,,100.0,,0.0,,6.1000000000000005,,6.1000000000000005,,100.0,,0.0,,2.2,,2.2,,100.0,,0.0,,4.538095238095238,,2.7266666666666666,,100.0,,100.0,,0.0,,0.0,
2025-02-02 00:00:00+00:00,217.0,,2.645833333333333,,2.772222222222222,,99.21805555555557,,0.0101388888888888,,12.733333333333334,,12.966666666666669,,100.0,,0.18,,-1.9333333333333331,,-1.9333333333333331,,86.33333333333333,,0.0,,4.478571428571429,,0.3833333333333333,,98.6595238095238,,100.0,,0.0173809523809523,,0.0,
2025-02-03 00:00:00+00:00,218.0,,1.0625,,2.2805555555555554,,93.4472222222222,,0.0995833333333333,,11.6,,15.5,,100.0,,0.7600000000000001,,-2.766666666666667,,-2.766666666666667,,51.06666666666666,,0.0,,5.364285714285714,,-2.036666666666666,,88.76666666666667,,100.0,,0.1707142857142857,,0.0,
2025-02-04 00:00:00+00:00,219.0,,-0.0090277777777777,,2.285416666666667,,88.21319444444445,,0.1696527777777778,,4.8,,15.3,,100.0,,0.93,,-3.2,,-3.2,,46.53333333333333,,0.0,,5.446428571428571,,-2.14,,79.79404761904762,,100.0,,0.2908333333333334,,0.0,
2025-02-05 00:00:00+00:00,220.0,,-0.8361111111111109,,1.8125,,86.9236111111111,,0.1934722222222222,,5.166666666666667,,15.466666666666669,,100.0,,1.0533333333333337,,-3.7,,-3.7,,40.0,,0.0,,5.261904761904762,,-3.0166666666666666,,77.58333333333334,,100.0,,0.3316666666666666,,0.0,
2025-02-06 00:00:00+00:00,221.0,,-1.4388888888888889,,1.363888888888889,,85.72083333333335,,0.1904166666666666,,3.733333333333333,,14.533333333333331,,100.0,,0.9233333333333332,,-4.533333333333333,,-4.533333333333333,,44.3,,0.0,,4.919047619047618,,-3.613333333333333,,75.59523809523809,,99.89666666666668,,0.3261904761904762,,0.0003333333333333,
2025-02-07 00:00:00+00:00,222.0,,-1.4388888888888889,,0.15,,90.68888888888888,,0.0918055555555555,,2.966666666666667,,8.766666666666667,,100.0,,0.42,,-5.0,,-5.0,,62.7,,0.0,,2.735714285714286,,-3.47,,84.1047619047619,,99.90666666666668,,0.1569047619047619,,0.0006666666666666,
2025-02-08 00:00:00+00:00,223.0,,0.9291666666666668,,2.1375,,92.2986111111111,,0.0631944444444444,,2.033333333333333,,5.466666666666666,,100.0,,0.1933333333333333,,-0.8333333333333334,,-0.8333333333333334,,78.46666666666667,,0.0,,3.335714285714286,,0.4600000000000001,,87.33095238095237,,99.25333333333332,,0.1052380952380952,,0.0043333333333333,
2025-02-09 00:00:00+00:00,224.0,,2.9819444444444443,,2.9819444444444443,,100.0,,0.0,,4.666666666666667,,4.666666666666667,,100.0,,0.0,,1.3333333333333333,,1.3333333333333333,,100.0,,0.0,,3.414285714285714,,2.3766666666666665,,100.0,,100.0,,0.0,,0.0,
2025-02-10 00:00:00+00:00,225.0,,6.120833333333334,,6.122222222222223,,99.9875,,0.0001388888888888,,11.266666666666666,,11.3,,100.0,,0.0033333333333333,,3.4,,3.4,,99.73333333333332,,0.0,,7.326190476190476,,4.4366666666666665,,99.97857142857144,,100.0,,0.0002380952380952,,0.0,
2025-02-11 00:00:00+00:00,226.0,,6.654166666666668,,6.979166666666667,,97.94027777777778,,0.0252777777777777,,8.933333333333334,,10.666666666666666,,100.0,,0.1366666666666667,,5.066666666666666,,5.066666666666666,,89.26666666666667,,0.0,,8.076190476190476,,5.443333333333333,,96.4690476190476,,100.0,,0.0433333333333333,,0.0,
2025-02-12 00:00:00+00:00,227.0,,6.741666666666667,,6.940277777777777,,98.74166666666667,,0.0168055555555555,,9.8,,11.366666666666667,,100.0,,0.14,,4.866666666666667,,4.866666666666667,,90.36666666666667,,0.0,,7.899999999999999,,5.596666666666667,,97.84285714285714,,100.0,,0.0288095238095238,,0.0,
2025-02-13 00:00:00+00:00,228.0,,6.505555555555556,,6.694444444444444,,98.77916666666664,,0.0138888888888888,,8.266666666666667,,9.266666666666667,,100.0,,0.0933333333333333,,5.5,,5.5,,92.33333333333331,,0.0,,7.395238095238095,,5.713333333333333,,97.90714285714286,,100.0,,0.0238095238095238,,0.0,
2025-02-14 00:00:00+00:00,229.0,,3.022222222222222,,3.4416666666666664,,97.40833333333336,,0.0252777777777777,,5.566666666666666,,6.933333333333334,,100.0,,0.21,,-2.033333333333333,,-2.033333333333333,,78.53333333333335,,0.0,,3.8190476190476192,,2.913333333333333,,95.55714285714284,,100.0,,0.0433333333333333,,0.0,
2025-02-15 00:00:00+00:00,230.0,,-2.0708333333333333,,1.6805555555555556,,82.00694444444444,,0.23875,,2.433333333333333,,13.966666666666669,,100.0,,1.0033333333333332,,-4.0,,-4.0,,37.03333333333333,,0.0,,5.34047619047619,,-3.443333333333333,,69.15476190476191,,100.0,,0.4092857142857142,,0.0,
2025-02-16 00:00:00+00:00,231.0,,-0.3666666666666667,,1.975,,87.36388888888888,,0.1540277777777778,,3.233333333333333,,13.1,,100.0,,0.73,,-3.4,,-3.4,,51.53333333333333,,0.0,,5.1000000000000005,,-2.4,,78.34523809523809,,99.99,,0.264047619047619,,0.0,
2025-02-17 00:00:00+00:00,232.0,,0.3055555555555556,,2.3694444444444445,,87.80555555555556,,0.1177777777777777,,2.066666666666667,,9.633333333333333,,100.0,,0.49,,-3.2,,-3.2,,59.6,,0.0,,4.095238095238096,,-0.0466666666666666,,81.77857142857144,,96.24333333333333,,0.1830952380952381,,0.0263333333333333,
2025-02-18 00:00:00+00:00,233.0,,-0.6798611111111111,,2.5819444444444444,,81.22708333333334,,0.1826388888888889,,2.3666666666666667,,12.7,,99.76666666666668,,0.7366666666666667,,-3.7,,-3.6666666666666665,,49.76666666666667,,0.0,,4.492857142857143,,-0.0933333333333333,,73.56428571428572,,91.955,,0.274047619047619,,0.0546666666666666,
2025-02-19 00:00:00+00:00,234.0,,-2.084722222222222,,-0.2722222222222222,,88.94583333333333,,0.0879166666666666,,-0.1333333333333333,,5.166666666666667,,100.0,,0.29,,-4.233333333333333,,-4.233333333333333,,66.53333333333335,,0.0,,1.8,,-3.1733333333333333,,81.22142857142856,,99.76,,0.1495238095238095,,0.0016666666666666,
2025-02-20 00:00:00+00:00,235.0,,-1.0,,2.1305555555555555,,84.20416666666667,,0.2186111111111111,,2.8666666666666667,,14.933333333333332,,100.0,,0.96,,-4.6000000000000005,,-4.6000000000000005,,43.4,,0.0,,5.961904761904762,,-3.2333333333333334,,72.94285714285715,,99.97,,0.3747619047619047,,0.0,
2025-02-21 00:00:00+00:00,236.0,,0.0458333333333333,,3.344444444444445,,83.48055555555555,,0.25625,,4.866666666666666,,17.666666666666668,,100.0,,1.15,,-4.3,,-4.3,,43.1,,0.0,,7.742857142857143,,-2.813333333333333,,71.82380952380952,,99.8,,0.4383333333333333,,0.0013333333333333,
2025-02-22 00:00:00+00:00,237.0,,1.2347222222222225,,3.076388888888889,,89.64444444444445,,0.1344444444444444,,6.0,,12.6,,100.0,,0.54,,-3.333333333333333,,-3.333333333333333,,63.23333333333333,,0.0,,6.45952380952381,,-1.6599999999999997,,82.24761904761905,,100.0,,0.2304761904761904,,0.0,
2025-02-23 00:00:00+00:00,238.0,,3.3208333333333333,,5.527777777777778,,88.05,,0.1854166666666666,,7.966666666666666,,17.333333333333332,,100.0,,0.9066666666666668,,-1.3,,-1.3,,54.4,,0.0,,8.902380952380952,,0.8033333333333333,,79.64999999999999,,99.81,,0.3166666666666667,,0.0016666666666666,
2025-02-24 00:00:00+00:00,239.0,,4.273611111111111,,6.154166666666666,,89.74166666666667,,0.1648611111111111,,8.633333333333333,,17.366666666666667,,100.0,,0.89,,-0.6,,-0.6,,55.36666666666667,,0.0,,9.1,,2.03,,82.68095238095238,,99.62666666666668,,0.2799999999999999,,0.0036666666666666,
2025-02-25 00:00:00+00:00,240.0,,6.641666666666667,,7.511111111111112,,94.97638888888888,,0.0736111111111111,,9.533333333333331,,14.833333333333334,,100.0,,0.52,,3.466666666666667,,3.466666666666667,,69.3,,0.0,,9.111904761904762,,5.2700000000000005,,91.39761904761905,,99.98666666666666,,0.1261904761904762,,0.0,
2025-02-26 00:00:00+00:00,241.0,,6.545833333333333,,6.545833333333333,,100.0,,0.0,,8.4,,8.4,,100.0,,0.0,,5.266666666666667,,5.266666666666667,,100.0,,0.0,,6.864285714285714,,6.1,,100.0,,100.0,,0.0,,0.0,
2025-02-27 00:00:00+00:00,242.0,,5.268055555555556,,8.730555555555556,,83.66388888888889,,0.3116666666666666,,11.433333333333332,,19.33333333333333,,100.0,,1.3666666666666665,,3.7,,3.7,,39.23333333333333,,0.0,,11.730952380952385,,4.529999999999999,,72.38809523809523,,99.45,,0.5307142857142857,,0.005,
2025-02-28 00:00:00+00:00,243.0,,4.021527777777778,,7.642361111111111,,80.59722222222221,,0.2706944444444444,,6.7,,17.099999999999998,,100.0,,1.1,,1.6333333333333335,,1.6333333333333335,,43.833333333333336,,0.0,,10.020238095238096,,4.3133333333333335,,71.53809523809524,,93.28,,0.4178571428571428,,0.0646666666666666,
2025-03-01 00:00:00+00:00,244.0,,3.031944444444445,,6.336111111111111,,81.8625,,0.2352777777777777,,5.7,,15.133333333333333,,99.76666666666668,,0.9033333333333332,,0.3999999999999999,,0.4333333333333333,,47.73333333333333,,0.0,,8.657142857142857,,3.086666666666667,,73.0904761904762,,94.14333333333332,,0.3678571428571429,,0.0496666666666666,
2025-03-02 00:00:00+00:00,245.0,,-0.0138888888888888,,5.075,,76.95416666666667,,0.3898611111111111,,5.033333333333333,,18.53333333333333,,100.0,,1.4800000000000002,,-3.0666666666666664,,-3.0666666666666664,,30.166666666666668,,0.0,,9.723809523809525,,-1.4333333333333331,,61.41904761904762,,98.70333333333332,,0.6628571428571428,,0.0076666666666666,
2025-03-03 00:00:00+00:00,246.0,,0.0027777777777778,,5.523611111111111,,75.8013888888889,,0.4480555555555556,,4.466666666666667,,20.066666666666663,,100.0,,1.6266666666666667,,-3.733333333333333,,-3.733333333333333,,30.433333333333334,,0.0,,10.83095238095238,,-1.9066666666666667,,59.17380952380953,,99.08,,0.7640476190476191,,0.0056666666666666,
2025-03-04 00:00:00+00:00,247.0,,0.5083333333333333,,6.240277777777778,,74.94305555555556,,0.4977777777777778,,4.733333333333333,,22.133333333333336,,100.0,,1.893333333333333,,-3.466666666666667,,-3.466666666666667,,28.266666666666666,,0.0,,11.745238095238095,,-1.4666666666666666,,58.71190476190476,,97.66666666666669,,0.8421428571428571,,0.0156666666666666,
2025-03-05 00:00:00+00:00,248.0,,1.025,,7.354166666666667,,72.79861111111111,,0.5766666666666667,,4.8,,23.7,,100.0,,2.12,,-2.766666666666667,,-2.766666666666667,,27.666666666666668,,0.0,,13.18095238095238,,-0.8033333333333335,,55.30714285714286,,97.28666666666666,,0.9752380952380952,,0.0186666666666666,
2025-03-06 00:00:00+00:00,249.0,,0.967361111111111,,7.342361111111111,,72.51597222222223,,0.5752777777777778,,4.766666666666667,,23.1,,100.0,,2.043333333333333,,-2.9,,-2.9,,27.666666666666668,,0.0,,13.06547619047619,,-0.67,,55.25833333333333,,96.67666666666666,,0.969047619047619,,0.024,
2025-03-07 00:00:00+00:00,250.0,,0.4888888888888889,,7.069444444444444,,71.34861111111111,,0.555,,5.033333333333334,,22.5,,100.0,,1.94,,-2.766666666666667,,-2.766666666666667,,28.6,,0.0,,12.535714285714286,,-0.5833333333333334,,54.02857142857143,,95.59666666666666,,0.9292857142857144,,0.0309999999999999,
2025-03-08 00:00:00+00:00,251.0,,0.6861111111111112,,7.219444444444445,,71.45277777777777,,0.5658333333333333,,3.966666666666667,,22.933333333333334,,100.0,,1.9833333333333327,,-3.333333333333333,,-3.333333333333333,,29.1,,0.0,,12.854761904761904,,-0.67,,54.08571428571429,,95.76666666666668,,0.9476190476190476,,0.0313333333333333,
2025-03-09 00:00:00+00:00,252.0,,2.8847222222222224,,8.313194444444443,,72.85902777777777,,0.431875,,5.466666666666666,,18.1,,100.0,,1.18,,-1.3333333333333333,,-1.3333333333333333,,42.86666666666667,,0.0,,11.895238095238096,,3.2983333333333333,,61.81428571428571,,88.32166666666667,,0.6433333333333334,,0.1358333333333333,
2025-03-10 00:00:00+00:00,253.0,,7.365277777777777,,7.595833333333334,,98.56944444444444,,0.02,,12.833333333333334,,13.1,,100.0,,0.1966666666666666,,3.9333333333333336,,3.9333333333333336,,86.36666666666667,,0.0,,9.057142857142855,,5.55,,97.90714285714286,,99.49666666666668,,0.0307142857142857,,0.0049999999999999,
2025-03-11 00:00:00+00:00,254.0,,7.55138888888889,,9.539583333333333,,89.09513888888888,,0.1860416666666666,,11.333333333333334,,17.5,,100.0,,0.79,,3.1,,3.1,,60.96666666666666,,0.0,,12.222619047619048,,5.783333333333333,,81.775,,99.34333333333332,,0.3136904761904762,,0.0073333333333333,
2025-03-12 00:00:00+00:00,255.0,,8.336805555555555,,8.559027777777777,,98.62777777777778,,0.02,,12.033333333333331,,13.133333333333333,,100.0,,0.1566666666666666,,5.733333333333333,,5.733333333333333,,89.43333333333334,,0.0,,9.633333333333336,,7.055,,97.71666666666668,,99.90333333333334,,0.0335714285714285,,0.001,
2025-03-13 00:00:00+00:00,256.0,,7.404166666666666,,8.993055555555555,,91.3263888888889,,0.1409722222222222,,13.133333333333333,,16.5,,100.0,,0.6466666666666666,,4.966666666666667,,4.966666666666667,,61.86666666666667,,0.0,,11.154761904761903,,5.966666666666667,,85.13095238095238,,100.0,,0.2416666666666666,,0.0,
2025-03-14 00:00:00+00:00,257.0,,7.784722222222222,,8.251388888888888,,97.1347222222222,,0.0379166666666666,,13.333333333333334,,13.633333333333333,,100.0,,0.26,,6.066666666666666,,6.066666666666666,,81.16666666666667,,0.0,,9.395238095238096,,6.65,,95.15,,99.91333333333333,,0.0645238095238095,,0.0006666666666666,
2025-03-15 00:00:00+00:00,258.0,,8.36111111111111,,8.395833333333334,,99.7611111111111,,0.0033333333333333,,11.466666666666669,,11.833333333333334,,100.0,,0.0333333333333333,,6.8,,6.8,,97.56666666666666,,0.0,,9.280952380952382,,7.156666666666666,,99.5904761904762,,100.0,,0.0057142857142857,,0.0,
2025-03-16 00:00:00+00:00,259.0,,8.069444444444445,,8.238888888888889,,98.925,,0.0133333333333333,,11.366666666666667,,11.766666666666666,,100.0,,0.1233333333333333,,5.9,,6.066666666666666,,90.23333333333332,,0.0,,9.507142857142856,,6.463333333333334,,98.23809523809524,,99.88666666666668,,0.0221428571428571,,0.001,
2025-03-17 00:00:00+00:00,260.0,,5.232291666666667,,8.735763888888888,,82.01006944444445,,0.3127430555555555,,8.4,,18.3,,100.0,,1.163333333333333,,1.7,,1.7,,46.43333333333334,,0.0,,12.218452380952382,,3.86,,70.69107142857142,,97.85666666666668,,0.5225595238095238,,0.019,
2025-03-18 00:00:00+00:00,261.0,,1.790277777777778,,7.305555555555556,,71.70972222222223,,0.3979166666666667,,4.5,,17.933333333333334,,99.56666666666666,,1.2266666666666666,,-1.6333333333333335,,-1.5666666666666669,,40.23333333333333,,0.0,,10.721428571428572,,2.523333333333333,,59.35714285714285,,89.00333333333333,,0.6204761904761905,,0.0863333333333333,
2025-03-19 00:00:00+00:00,262.0,,4.352777777777778,,7.384722222222222,,85.68194444444445,,0.2606944444444444,,15.633333333333333,,19.566666666666663,,100.0,,1.4233333333333331,,-3.1,,-3.1,,37.4,,0.0,,12.066666666666666,,0.8299999999999998,,75.4547619047619,,100.0,,0.4469047619047618,,0.0,
2025-03-20 00:00:00+00:00,263.0,,9.234722222222222,,9.644444444444444,,97.53888888888888,,0.0468055555555555,,16.433333333333334,,18.633333333333333,,100.0,,0.2733333333333333,,3.533333333333333,,3.533333333333333,,87.33333333333333,,0.0,,12.602380952380951,,5.503333333333333,,95.7809523809524,,100.0,,0.0802380952380952,,0.0,
2025-03-21 00:00:00+00:00,264.0,,8.065277777777778,,9.919444444444444,,90.44444444444444,,0.1984722222222222,,13.066666666666668,,24.03333333333333,,100.0,,1.4733333333333334,,5.633333333333333,,5.633333333333333,,50.86666666666667,,0.0,,12.392857142857142,,6.456666666666666,,84.96904761904761,,98.11,,0.3266666666666666,,0.019,
2025-03-22 00:00:00+00:00,265.0,,8.48611111111111,,9.897222222222222,,91.73472222222222,,0.1334722222222222,,12.566666666666668,,17.266666666666666,,100.0,,0.5566666666666666,,6.2,,6.333333333333333,,72.23333333333333,,0.0,,11.816666666666666,,7.209999999999999,,86.94047619047619,,98.44666666666669,,0.2176190476190476,,0.0156666666666666,
2025-03-23 00:00:00+00:00,266.0,,9.305555555555555,,10.452777777777778,,93.1111111111111,,0.1043055555555555,,11.333333333333334,,14.433333333333332,,100.0,,0.3366666666666666,,7.0,,7.0,,79.10000000000001,,0.0,,12.247619047619049,,7.94,,88.31428571428572,,99.82666666666668,,0.1773809523809524,,0.002,
2025-03-24 00:00:00+00:00,267.0,,8.069444444444445,,10.827777777777778,,85.27361111111111,,0.27375,,11.4,,18.633333333333336,,100.0,,0.9533333333333333,,4.833333333333333,,4.833333333333333,,55.833333333333336,,0.0,,14.092857142857143,,6.256666666666667,,75.8047619047619,,98.53,,0.4585714285714286,,0.015,
2025-03-25 00:00:00+00:00,268.0,,8.27361111111111,,10.0625,,89.99583333333334,,0.1890277777777777,,13.933333333333332,,21.566666666666663,,100.0,,0.9866666666666668,,3.5,,3.5,,62.13333333333333,,0.0,,13.37857142857143,,5.42,,83.4904761904762,,99.10333333333332,,0.3176190476190476,,0.009,
2025-03-26 00:00:00+00:00,269.0,,7.420833333333333,,10.3,,84.96111111111111,,0.3106944444444444,,13.0,,21.933333333333334,,100.0,,1.3099999999999998,,3.533333333333333,,3.5666666666666664,,50.93333333333334,,0.0,,14.466666666666669,,4.466666666666667,,74.92857142857143,,99.00666666666667,,0.5264285714285715,,0.0086666666666666,
2025-03-27 00:00:00+00:00,270.0,,5.826388888888889,,12.022222222222224,,71.87777777777778,,0.6620833333333332,,10.766666666666666,,26.166666666666668,,100.0,,2.3166666666666664,,1.2,,1.2,,32.4,,0.0,,17.473809523809525,,4.39,,56.25238095238095,,93.75333333333332,,1.0852380952380951,,0.0696666666666666,
2025-03-28 00:00:00+00:00,271.0,,6.959722222222222,,10.447222222222225,,81.69444444444444,,0.3070833333333333,,9.2,,18.166666666666668,,100.0,,1.0333333333333334,,3.1333333333333333,,3.5,,49.96666666666667,,0.0,,13.447619047619048,,6.246666666666667,,70.59761904761905,,97.23,,0.5088095238095238,,0.0246666666666666,
2025-03-29 00:00:00+00:00,272.0,,10.23125,,11.846527777777778,,90.74930555555557,,0.1673611111111111,,13.366666666666667,,18.2,,100.0,,0.7200000000000001,,8.0,,8.0,,65.73333333333333,,0.0,,14.108333333333334,,8.68,,85.26785714285714,,98.42333333333332,,0.2738095238095238,,0.0183333333333333,
2025-03-30 00:00:00+00:00,273.0,,8.872222222222222,,15.540277777777776,,70.89722222222223,,0.8518055555555555,,12.7,,28.366666666666664,,96.9,,2.5166666666666666,,5.866666666666667,,6.633333333333333,,33.800000000000004,,0.0333333333333333,,21.083333333333336,,7.779999999999999,,53.90238095238095,,94.69,,1.4204761904761904,,0.0556666666666666,
2025-03-31 00:00:00+00:00,274.0,,2.301388888888889,,13.166666666666666,,51.78333333333333,,0.9213888888888888,,7.766666666666667,,26.46666666666667,,93.53333333333336,,2.4,,-3.2,,4.633333333333334,,30.633333333333336,,0.0666666666666666,,17.95714285714286,,6.459999999999999,,38.94285714285714,,69.76,,1.365,,0.3003333333333333,
2025-04-01 00:00:00+00:00,275.0,,3.273611111111111,,10.205555555555556,,65.41250000000001,,0.4976388888888889,,12.8,,18.73333333333333,,91.43333333333334,,1.4,,-2.466666666666667,,2.6666666666666665,,34.43333333333333,,0.1366666666666667,,13.623809523809523,,5.42,,61.19761904761905,,71.31333333333333,,0.671904761904762,,0.2536666666666666,
2025-04-02 00:00:00+00:00,276.0,,8.137500000000001,,14.072222222222225,,72.04861111111111,,0.6902777777777778,,12.233333333333334,,25.633333333333336,,97.76666666666668,,1.96,,5.066666666666666,,6.3,,41.16666666666666,,0.0233333333333333,,19.05,,7.1033333333333335,,57.397619047619045,,92.56,,1.127857142857143,,0.0776666666666666,
2025-04-03 00:00:00+00:00,92.33333333333333,159.92602456552635,10.740277777777777,1.9279393744310218,18.599999999999998,3.581549943809244,62.57916666666667,9.540213681219793,0.958287037037037,0.19047760863945173,12.455555555555556,1.0595247012658988,23.538888888888888,5.098810681950287,71.32777777777777,24.368127711175262,1.567222222222222,0.9170640552772099,9.077777777777778,4.803972121916211,14.972222222222223,9.817704151929556,50.27222222222222,12.693068245364536,0.6972222222222223,0.6104559619509679,20.61031746031746,0.7254458842081832,6.1066666666666665,,57.17698412698413,3.143764599631903,95.67666666666666,,1.136031746031746,0.20310296045907633,0.0433333333333333,
2025-04-04 00:00:00+00:00,93.33333333333333,159.92602456552635,9.665277777777778,,15.454166666666667,,73.80277777777778,,0.8268055555555556,,16.166666666666668,,31.0,,100.0,,2.6633333333333336,,2.9333333333333336,,2.9333333333333336,,38.86666666666667,,0.0,,21.916666666666668,,6.406666666666666,,58.16190476190476,,95.7,,1.3783333333333334,,0.0546666666666666,
2025-04-05 00:00:00+00:00,94.33333333333333,159.92602456552635,10.145833333333334,,16.594444444444445,,72.03055555555555,,0.9229166666666666,,14.833333333333334,,30.666666666666668,,99.93333333333334,,2.9966666666666666,,5.133333333333334,,5.133333333333334,,31.33333333333333,,0.0,,22.952380952380956,,7.693333333333333,,54.89761904761905,,96.01666666666668,,1.5485714285714285,,0.047,
2025-04-06 00:00:00+00:00,95.33333333333333,159.92602456552635,7.370833333333334,,14.368055555555555,,69.67916666666666,,0.887638888888889,,14.466666666666669,,28.366666666666664,,94.83333333333331,,2.9033333333333338,,1.9666666666666668,,2.966666666666667,,24.566666666666663,,0.04,,20.48095238095238,,5.8100000000000005,,53.18571428571429,,92.77,,1.4728571428571429,,0.0683333333333333,
2025-04-07 00:00:00+00:00,96.33333333333333,159.92602456552635,4.513888888888888,,10.225,,72.51666666666667,,0.5543055555555555,,10.4,,23.2,,98.0,,1.586666666666667,,1.0333333333333334,,1.5333333333333332,,41.7,,0.0133333333333333,,15.485714285714284,,2.8600000000000003,,57.58333333333333,,93.42333333333332,,0.9142857142857144,,0.0503333333333333,
2025-04-08 00:00:00+00:00,97.33333333333333,159.92602456552635,4.166666666666667,,9.904166666666669,,72.63194444444444,,0.5795833333333333,,10.9,,24.53333333333333,,98.16666666666669,,1.8966666666666665,,-1.4666666666666668,,-1.2,,38.4,,0.01,,16.047619047619047,,1.3033333333333332,,57.28333333333334,,94.12,,0.9633333333333332,,0.0423333333333333,
2025-04-09 00:00:00+00:00,98.33333333333333,159.92602456552635,6.741666666666667,,10.969444444444443,,79.74444444444444,,0.4983333333333333,,14.866666666666667,,25.866666666666664,,100.0,,1.9066666666666665,,0.0333333333333333,,0.0333333333333333,,40.43333333333333,,0.0,,16.99047619047619,,2.54,,66.94047619047619,,97.67,,0.8402380952380952,,0.0196666666666666,
2025-04-10 00:00:00+00:00,99.33333333333333,159.92602456552635,6.080555555555556,,11.58611111111111,,75.68333333333334,,0.6041666666666666,,10.233333333333333,,26.133333333333336,,100.0,,2.296666666666667,,1.8,,1.8,,31.066666666666663,,0.0,,17.11190476190476,,3.85,,60.43571428571429,,97.03,,1.0152380952380953,,0.0286666666666666,
2025-04-11 00:00:00+00:00,100.33333333333333,159.92602456552635,7.156944444444444,,14.83125,,68.37986111111111,,0.989375,,10.533333333333331,,30.83333333333333,,100.0,,3.266666666666667,,1.5333333333333332,,1.5333333333333332,,26.666666666666668,,0.0,,21.99047619047619,,4.808333333333333,,48.614285714285714,,96.05166666666666,,1.665952380952381,,0.0421666666666666,
2025-04-12 00:00:00+00:00,101.33333333333333,159.92602456552635,11.406944444444443,,15.79027777777778,,77.95694444444445,,0.5859722222222222,,21.666666666666668,,28.8,,100.0,,2.06,,4.266666666666667,,4.266666666666667,,48.03333333333333,,0.0,,21.1,,8.356666666666666,,67.63571428571429,,92.40666666666668,,0.9257142857142856,,0.1103333333333333,
2025-04-13 00:00:00+00:00,102.33333333333333,159.92602456552635,10.736111111111112,,12.054166666666667,,91.82083333333333,,0.1170833333333333,,12.5,,14.633333333333333,,96.8,,0.2166666666666666,,9.633333333333333,,10.233333333333334,,86.63333333333333,,0.04,,12.726190476190476,,11.113333333333332,,91.75238095238096,,91.91666666666666,,0.1233333333333333,,0.1083333333333333,
2025-04-14 00:00:00+00:00,103.33333333333333,159.92602456552635,11.303472222222224,,12.36736111111111,,93.61458333333331,,0.1074305555555555,,13.566666666666668,,17.266666666666666,,100.0,,0.4166666666666667,,9.233333333333333,,9.45,,78.89999999999999,,0.0,,13.795238095238094,,10.368333333333334,,90.06666666666668,,98.58166666666666,,0.1721428571428571,,0.0168333333333333,
2025-04-15 00:00:00+00:00,104.33333333333333,159.92602456552635,12.575,,13.010416666666666,,97.34722222222224,,0.0475694444444444,,15.366666666666667,,17.3,,100.0,,0.2266666666666666,,10.9,,10.9,,88.33333333333333,,0.0,,14.20595238095238,,11.336666666666668,,95.45238095238096,,100.0,,0.081547619047619,,0.0,
2025-04-16 00:00:00+00:00,105.33333333333333,159.92602456552635,12.684722222222222,,13.802777777777775,,93.45833333333331,,0.1333333333333333,,17.2,,21.7,,100.0,,0.6566666666666666,,9.333333333333334,,9.333333333333334,,75.13333333333334,,0.0,,15.69047619047619,,11.16,,89.38333333333334,,99.16333333333333,,0.2195238095238095,,0.0126666666666666,
2025-04-17 00:00:00+00:00,106.33333333333333,159.92602456552635,9.613257575757574,1.1281477618599132,11.179124579124577,0.6466801119253742,90.74040404040403,2.72401165863435,0.1409048821548821,0.03820383333415201,11.122222222222222,1.7783679575927447,15.477777777777776,0.4819904717054222,98.02222222222224,1.7128057985958745,0.515,0.11757976016304844,8.566666666666668,0.27284509239574806,8.88888888888889,0.06938886664887049,71.12777777777778,5.141236700912997,0.0222222222222222,0.019245008972987504,11.914285714285716,0.17704106138115516,9.91388888888889,1.5192362237992176,88.10952380952381,5.414769945259963,95.39999999999999,1.8911159257021763,0.1852380952380952,0.08351985927564792,0.06238888888888886,0.03950257844373839
2025-04-18 00:00:00+00:00,107.33333333333333,159.92602456552635,10.290972222222223,0.9581410837761589,13.261574074074074,0.21846358380416528,84.75532407407407,4.292636101253886,0.3268055555555555,0.07046414545535264,12.533333333333333,1.6384274303259343,21.977777777777778,0.5336804426010135,99.4888888888889,0.472973258973174,1.261111111111111,0.19242122005102757,7.922222222222222,0.10183501544346314,8.0,0.03333333333333344,53.800000000000004,7.314901077784838,0.006666666666666667,0.005773502691896258,16.026984126984125,0.3560645095993441,9.389999999999999,0.08293236869749898,75.7845238095238,5.676094972630564,97.31444444444445,2.4956324812522945,0.5361904761904762,0.10182580664035608,0.03366666666666663,0.03146603106702702
2025-04-19 00:00:00+00:00,108.33333333333333,159.92602456552635,10.345833333333333,0.9578156310997503,12.746064814814815,0.10580729605833929,86.31921296296296,5.4189756623048435,0.23638888888888887,0.08344887822959499,12.9,1.7486502731471996,19.255555555555556,0.36868133384526747,96.21111111111111,3.286391694605253,0.7488888888888888,0.14641392364470343,8.394444444444446,0.4069989534976089,9.21111111111111,0.11706281947614233,66.13333333333334,6.711267474263788,0.04555555555555554,0.03948745698648189,14.703968253968256,0.13574213025411738,10.005,0.13436062584618208,80.49603174603175,6.466384528758849,94.47166666666668,3.9608462199103234,0.35650793650793644,0.10793078883074375,0.0682222222222222,0.04940797656399371
2025-04-20 00:00:00+00:00,109.33333333333333,159.92602456552635,10.815740740740742,1.0737055112779104,15.111111111111112,0.16708425694766296,78.04074074074073,4.44829479122505,0.49569444444444444,0.07953408283113682,14.677777777777777,2.7701450690719596,23.98888888888889,1.303556388983331,97.1111111111111,2.4757340849249525,1.4055555555555557,0.17516130132389823,7.9444444444444455,0.3976784481816288,8.38888888888889,0.05091750772173138,50.56666666666666,7.174336980593476,0.032222222222222166,0.027954990278686892,18.686111111111114,0.2662846257102447,10.106111111111112,0.0663394748692359,66.61865079365079,5.455962424963657,94.03166666666665,3.0440930961088735,0.7942857142857144,0.10852958414607802,0.07766666666666663,0.0392654781936726
2025-04-21 00:00:00+00:00,110.33333333333333,159.92602456552635,11.118518518518519,0.7904978376160953,13.609722222222222,0.08574069074472508,86.79398148148148,3.7424268523053446,0.29291666666666666,0.06858411524688156,15.122222222222225,1.988392240908143,24.455555555555552,0.5178302310102677,98.84444444444443,1.0012954571916324,1.3755555555555556,0.16412506523086906,6.877777777777777,0.13877773329774273,7.055555555555556,0.03849001794597492,55.27777777777777,6.400723338753144,0.012222222222222199,0.010715167512214381,16.392857142857142,0.12184801506594338,9.713333333333333,0.0484194634877787,78.80396825396825,5.242213929086347,97.98,1.643089907596194,0.4849206349206349,0.10326894343780414,0.0241111111111111,0.020025909143832562
2025-04-22 00:00:00+00:00,111.33333333333333,159.92602456552635,11.070370370370371,0.8447280377843107,14.714351851851852,0.11017254051317651,81.31550925925926,3.742002682092585,0.44763888888888886,0.07567099534852861,15.933333333333335,1.905255888325764,24.777777777777775,0.7500617258550071,99.77777777777777,0.20367003088693866,1.3211111111111113,0.12544734766840243,5.866666666666667,0.0333333333333341,5.933333333333334,0.06666666666666643,54.84444444444444,3.5762073848225415,0.0,0.0,19.02777777777778,0.13951107802576862,8.675555555555555,0.08896524498260318,70.52301587301588,5.293842599033416,96.425,1.5701282679379296,0.7322222222222222,0.11493228148473542,0.0492222222222222,0.02072125407330287
2025-04-23 00:00:00+00:00,112.33333333333333,159.92602456552635,11.9,0.772578105444584,14.463888888888889,0.0753976086007748,86.03842592592592,3.620142641080521,0.2981018518518518,0.06539828317614181,14.799999999999999,1.8770544300401444,22.5,0.5897268670984724,99.43333333333334,0.49103066208853835,1.0666666666666667,0.16041612554021284,9.122222222222222,0.10715167512214356,9.255555555555555,0.09622504486493857,61.855555555555554,6.342128396097994,0.006666666666666667,0.005773502691896258,17.118253968253967,0.15272159346208664,10.74777777777778,0.080023144800136,78.42777777777778,4.813740686338816,96.69333333333333,1.9500085469898139,0.4785714285714285,0.09324187696012783,0.04544444444444443,0.02641828771752487
2025-04-24 00:00:00+00:00,113.33333333333333,159.92602456552635,12.455092592592592,0.7752393265143906,14.424074074074076,0.15491144755750413,89.20462962962962,4.39971794597281,0.2265046296296296,0.086672128938147,16.066666666666666,1.5567059238447492,22.755555555555556,0.6577177149754999,98.97777777777777,0.8909005015733791,1.1011111111111112,0.20913401692942502,10.455555555555556,0.2219442706159786,10.722222222222221,0.06938886664887099,60.38888888888889,8.435397200246468,0.013333333333333334,0.011547005383792516,16.57142857142857,0.20972663343260428,11.417777777777777,0.08002314480013868,83.10952380952382,6.283641433107404,97.7377777777778,1.782112770260607,0.3662698412698413,0.13145818621946626,0.0308333333333333,0.024410266510448274
2025-04-25 00:00:00+00:00,114.33333333333333,159.92602456552635,9.946759259259258,0.756588006462323,12.05462962962963,0.18960410617438994,87.84861111111111,3.4936320487388617,0.20407407407407405,0.04992593537064426,12.566666666666668,1.51033476789456,18.288888888888888,0.8643130434264159,98.13333333333333,1.616924378084653,0.6666666666666666,0.09871395263307237,8.177777777777777,0.4438885412319595,8.833333333333334,0.03333333333333455,68.57777777777778,5.469240586461024,0.021111111111111098,0.018358568490953662,14.027777777777779,0.2897955856832226,9.292222222222223,0.05872093449655031,81.82222222222222,4.318601550266264,96.28555555555556,2.343599637152053,0.3183333333333333,0.06528369973620649,0.0441111111111111,0.028425992278846453
2025-04-26 00:00:00+00:00,115.33333333333333,159.92602456552635,10.066435185185185,0.7915759978943189,13.463194444444445,0.09541221888388159,82.31319444444443,3.777617120256246,0.3658564814814815,0.06758861686049826,12.422222222222222,1.3154354299509987,21.177777777777774,0.34694433324435503,99.71111111111111,0.2694301256218358,1.1833333333333333,0.13956280943638888,5.566666666666666,0.12018504251546659,5.655555555555556,0.05091750772173138,52.15555555555556,5.970886155461472,0.0022222222222222,0.0019245008972987334,16.59642857142857,0.12406681142088521,9.076666666666666,0.0811035004039778,71.92420634920636,5.175214064023406,96.85777777777777,1.8217980536130103,0.5968650793650795,0.09874713559189421,0.042444444444444396,0.024058570506470575
2025-04-27 00:00:00+00:00,116.33333333333333,159.92602456552635,11.924074074074076,0.7220303341951384,15.012500000000001,0.19418633662885046,84.12407407407407,2.906409322373042,0.3878240740740741,0.0496166502859343,15.844444444444443,1.948313610773667,25.877777777777776,2.010067255185851,99.75555555555555,0.23412563895227112,1.6066666666666665,0.16696639715157607,8.28888888888889,0.10715167512214409,8.322222222222221,0.0509175077217307,52.23333333333333,2.8049559315215267,0.0022222222222222,0.0038490017945974667,18.215873015873015,0.3238912128518762,10.527777777777777,0.0654330305081573,74.65079365079364,3.7410795892120916,97.38666666666666,1.752544182356354,0.6393650793650792,0.06880595366143294,0.03566666666666663,0.024257873864880364
2025-04-28 00:00:00+00:00,117.33333333333333,159.92602456552635,12.090277777777779,0.8484235562878939,15.031944444444443,0.1253698232932975,85.06342592592593,3.9798308378550904,0.3938425925925926,0.09309641861229792,18.944444444444443,2.125332218039578,24.0,0.5696002496878352,100.0,0.0,1.2055555555555557,0.17321577209857006,7.6000000000000005,0.11547005383792475,7.6000000000000005,0.11547005383792475,59.97777777777778,6.6707765109662684,0.0,0.0,19.444444444444446,0.17368445162914273,8.854444444444445,0.0712845108104243,75.0936507936508,6.354036307721954,99.02111111111111,0.666852751807019,0.6665079365079364,0.15388107088206968,0.012111111111111067,0.008221471437193761
2025-04-29 00:00:00+00:00,118.33333333333333,159.92602456552635,12.33287037037037,1.0229167452415038,18.299999999999997,0.23344904538276573,73.57314814814815,3.010235988212965,0.9297685185185185,0.0694444907407253,17.233333333333334,1.7910270176012926,30.955555555555552,0.7876359377087685,99.97777777777777,0.038490017945973884,2.598888888888889,0.1184311020210738,6.711111111111111,0.16442942874387495,6.711111111111111,0.16442942874387495,42.03333333333333,3.9004273270160215,0.0,0.0,24.682539682539684,0.4203330752866039,9.364444444444445,0.08382079650018866,55.81825396825397,4.541072533898293,98.42999999999999,0.8791915478311622,1.5784126984126985,0.11074432089607675,0.021666666666666636,0.011846237095944543
2025-04-30 00:00:00+00:00,119.33333333333333,159.92602456552635,13.499074074074073,0.8934500309580431,18.825462962962963,0.07954749209083936,75.75972222222222,3.165946555549005,0.8634722222222223,0.08926699098217858,18.48888888888889,2.122454902893066,32.333333333333336,0.6082762530298205,99.95555555555556,0.0769800358919447,2.8255555555555554,0.21282056430850976,8.799999999999999,0.17638342073764002,8.799999999999999,0.17638342073764002,41.77777777777778,6.121576896821901,0.0,0.0,24.700793650793646,0.16018578593816757,10.6,0.06173419725817403,59.939682539682536,4.672969706789724,97.90777777777778,1.0744938515585147,1.458888888888889,0.14252030394662035,0.029888888888888836,0.01491581313510872
2025-05-01 00:00:00+00:00,120.33333333333333,159.92602456552635,14.506944444444448,0.9714798753181391,19.886574074074076,0.16806320766172517,75.55601851851851,3.1960869368368168,0.9264351851851851,0.08419397399577742,19.266666666666666,1.7578395831246958,33.08888888888889,0.8002314480013708,99.97777777777777,0.038490017945973884,2.93,0.41741266551619327,8.388888888888888,0.126197963240006,8.4,0.12018504251546724,42.46666666666666,7.319456567563226,0.0,0.0,26.007142857142863,0.3096245257384775,11.317777777777778,0.043503937667671584,60.41269841269841,4.676002162179832,96.75666666666666,1.1520609551774705,1.5494444444444444,0.13181713036589252,0.05422222222222217,0.018025701815073007
2025-05-02 00:00:00+00:00,121.33333333333333,159.92602456552635,14.825462962962964,0.9992448280263698,21.102314814814815,0.18644421544593648,72.31157407407407,3.090346857321956,1.1226388888888887,0.07902509270970683,20.31111111111111,1.600462896002739,34.577777777777776,1.1026903127922765,99.8888888888889,0.11706281947613471,3.17,0.24264743513537881,9.833333333333334,0.0881917103688203,9.866666666666667,0.033333333333333215,40.47777777777778,3.185092591246731,0.0,0.0,27.576190476190476,0.3477902383429142,12.038888888888891,0.045256470787592686,55.37301587301587,4.296089513685602,96.02555555555556,1.4745256613317796,1.8786507936507937,0.11955139440111155,0.0642222222222222,0.023253036440510383
2025-05-03 00:00:00+00:00,122.33333333333333,159.92602456552635,14.811342592592593,0.8715574733025625,18.036342592592593,0.05281583666742958,83.50833333333334,4.245052494258747,0.48912037037037037,0.11510749918364473,19.733333333333334,1.8049315160907846,29.144444444444446,0.3006166501881951,99.76666666666667,0.2081665999466151,1.7844444444444445,0.2532090338333426,9.955555555555556,0.08388704928078511,10.033333333333333,0.03333333333333299,55.76666666666666,5.5294162842423455,0.0022222222222222,0.0019245008972987334,22.521428571428572,0.07217860186297148,11.757222222222223,0.02709721866279551,74.55238095238094,6.289967896986817,96.04666666666668,1.406192653151682,0.7943650793650794,0.18297202079292377,0.06177777777777773,0.020500225834347748
2025-05-04 00:00:00+00:00,123.33333333333333,159.92602456552635,13.986574074074072,0.8516214714639571,18.142592592592592,0.16075351438407404,79.65694444444445,3.48157379581117,0.6248611111111112,0.09098780612915959,19.322222222222223,1.9743728493240962,30.61111111111111,0.7350988847565804,99.53333333333335,0.4055175020198816,2.147777777777778,0.29556599814467727,8.444444444444445,0.11706281947614203,8.522222222222224,0.050917507721732196,50.55555555555555,6.546019429422002,0.006666666666666667,0.005773502691896258,22.682539682539684,0.26402103148091777,11.786666666666667,0.07637626158259633,67.31904761904762,4.854089259550398,96.92999999999999,1.5794408293232562,1.0354761904761904,0.13906963296058342,0.04999999999999997,0.024828299266048095
2025-05-05 00:00:00+00:00,124.33333333333333,159.92602456552635,13.511111111111111,0.5689343921688977,15.251851851851852,0.12535700049066406,90.49907407407407,2.3779567905961505,0.2286574074074074,0.045597104471819146,18.0,1.540923244176829,24.944444444444443,0.4880042501332845,99.65555555555557,0.3024590575292421,1.127777777777778,0.14338500360658096,10.833333333333334,0.05773502691896327,10.9,0.05773502691896365,65.9888888888889,4.821287671858504,0.006666666666666667,0.005773502691896258,17.021428571428572,0.21150309711846652,12.774444444444446,0.05419443732558689,84.41031746031746,3.472968445890726,99.02333333333333,0.8464107224693705,0.38095238095238093,0.06864372841889613,0.0154444444444444,0.013384623571402639
2025-05-06 00:00:00+00:00,125.33333333333333,159.92602456552635,12.501851851851853,0.4399212834095543,13.754629629629628,0.08986372284257757,92.7215277777778,2.0046994604422697,0.14037037037037028,0.03517738705007499,15.355555555555556,1.4553859103853357,19.833333333333332,0.3282952600598711,100.0,0.0,0.5688888888888889,0.12221717161281814,10.533333333333333,0.09999999999999942,10.533333333333333,0.09999999999999942,75.72222222222223,5.731039592850044,0.0,0.0,15.60952380952381,0.16099182385120864,11.157777777777776,0.06362505912098014,87.82182539682539,3.1686067126770383,99.58111111111111,0.3931967747880235,0.23650793650793647,0.0565416454656006,0.005777777777777733,0.005834126930144445
2025-05-07 00:00:00+00:00,126.33333333333333,159.92602456552635,11.938194444444447,0.3419904461790953,12.869212962962962,0.03676185385936038,94.3351851851852,1.8208499307094497,0.09504629629629624,0.028908024289334557,14.055555555555555,0.6194382162118379,16.222222222222225,0.08388704928078616,99.91111111111111,0.1539600717839099,0.2711111111111111,0.08194397363329908,9.544444444444444,0.10715167512214294,9.666666666666666,0.03333333333333366,85.16666666666667,4.645786621588786,0.0011111111111111,0.0019245008972987334,14.212301587301587,0.09316442847558433,10.988888888888889,0.07647318581142055,90.77539682539684,2.6936036746072882,99.3188888888889,0.6389429928781936,0.15634920634920632,0.04389247667530693,0.009222222222222201,0.008526646685755411
2025-05-08 00:00:00+00:00,127.33333333333333,159.92602456552635,11.511805555555556,0.435566162533829,14.102314814814816,0.1494223272908169,87.33749999999999,1.7695670854062273,0.3478935185185185,0.04213832200722239,15.844444444444447,1.6371836703224136,27.188888888888886,0.7313103409735285,100.0,0.0,1.8844444444444444,0.0951217543369978,8.522222222222222,0.0693888666488707,8.522222222222222,0.0693888666488707,48.088888888888896,3.8159509275515426,0.0,0.0,17.245238095238093,0.21037435588615136,9.702222222222224,0.08770742609718125,78.46666666666667,2.875303395211095,99.75666666666666,0.22980668204190643,0.5941269841269841,0.07013120734299566,0.003166666666666633,0.0029486343354923348
2025-05-09 00:00:00+00:00,128.33333333333334,159.92602456552635,11.930092592592594,0.8244226530762899,14.456018518518519,0.022920173693493886,86.43518518518518,4.070453120472823,0.2983796296296296,0.08205058254947259,15.97777777777778,2.3898705993173524,24.15555555555555,0.7313103409735267,100.0,0.0,1.3311111111111111,0.10090332740540056,9.677777777777779,0.24113927126900736,9.78888888888889,0.08388704928078655,58.53333333333333,3.3077350424589818,0.0,0.0,17.065873015873013,0.09004701887605845,10.802222222222222,0.08328887703071271,79.34126984126983,6.083346069007883,96.36666666666666,1.2955822371942791,0.4757936507936508,0.1279708932089339,0.04999999999999993,0.018095426064186626
2025-05-10 00:00:00+00:00,129.33333333333334,159.92602456552635,11.923726851851853,0.7222302628202698,15.700810185185185,0.09381706277647266,81.41793981481482,2.948110522625246,0.4968634259259259,0.05736170312334627,16.255555555555556,1.2945755775256709,28.811111111111114,1.5500298682904776,99.81111111111112,0.3271651525407847,2.138888888888889,0.4090956602791813,9.088888888888889,0.17105338131489542,9.122222222222222,0.19245008972987496,47.044444444444444,6.720229272984779,0.0033333333333333335,0.005773502691896258,19.478571428571428,0.2054252820011724,10.411944444444444,0.07342954547147863,70.49761904761904,3.8753033675411976,96.7063888888889,1.6961018078501697,0.8211904761904761,0.08266020657224903,0.042805555555555534,0.021948856799724567
2025-05-11 00:00:00+00:00,130.33333333333334,159.92602456552635,12.233564814814814,1.1787650501550655,17.878009259259258,0.10035222818475886,75.28148148148148,4.204653307860278,0.8882407407407408,0.126057741807266,18.3,3.6428011200173955,31.022222222222222,0.7073686241065335,99.98888888888888,0.019245008973002842,2.64,0.22810816147900842,6.288888888888889,0.07698003589194984,6.288888888888889,0.07698003589194984,39.322222222222216,3.9001899288985262,0.0,0.0,24.288095238095238,0.21862018337861747,8.903888888888888,0.07079574165892309,59.050000000000004,6.5203310156224425,98.00555555555555,1.000068516171287,1.5036507936507937,0.20693275241286485,0.026666666666666634,0.012914247085206986
2025-05-12 00:00:00+00:00,131.33333333333334,159.92602456552635,12.340740740740742,0.8031625535646932,16.569675925925925,0.2184757245840139,79.84328703703703,2.8086079322740107,0.6225925925925925,0.06642161753315075,17.91111111111111,1.8962926793946964,30.177777777777777,0.32030078456443684,99.7,0.4630814663149844,2.332222222222222,0.22679734794974338,6.711111111111111,0.07698003589194984,6.7444444444444445,0.06938886664887084,45.111111111111114,4.11802721556671,0.0033333333333333335,0.005773502691896258,21.137698412698413,0.33654981582767024,10.174444444444445,0.06475023237481708,67.60515873015873,3.833419167431022,96.97666666666667,1.4076734154072983,1.0361111111111112,0.10189873517262531,0.04366666666666663,0.019462214102660004
2025-05-13 00:00:00+00:00,132.33333333333334,159.92602456552635,13.780092592592593,0.657351490840545,16.482407407407408,0.10283719503724102,86.26296296296296,2.711404716190375,0.38847222222222216,0.061740290134772814,18.966666666666665,1.940217628114034,29.066666666666663,1.452966314513558,99.55555555555556,0.7698003589194912,1.8388888888888886,0.23372189868714896,11.566666666666668,0.12018504251546538,11.633333333333333,0.08819171036882055,54.56666666666666,4.454585652261421,0.006666666666666667,0.011547005383792516,19.472222222222225,0.20655819697537384,12.296666666666667,0.06765927710061533,77.55714285714286,3.716714712480402,98.45111111111112,1.3190288234292031,0.6499206349206349,0.09209280458366255,0.022444444444444402,0.0192478955078596
2025-05-14 00:00:00+00:00,133.33333333333334,159.92602456552635,12.901388888888889,0.8101247331944212,18.441203703703703,0.20429575158388913,74.9412037037037,3.171921302293366,0.8494907407407407,0.10643133883791597,18.033333333333335,1.9936008739074231,31.866666666666664,1.359329900273575,100.0,0.0,2.772222222222222,0.3534014609372642,8.133333333333333,0.09999999999999964,8.133333333333333,0.09999999999999964,40.666666666666664,3.920884254008693,0.0,0.0,24.17936507936508,0.3762532597800116,10.40777777777778,0.0640601569128876,58.92460317460317,4.633123088591949,97.36444444444443,1.164189433484523,1.4296825396825394,0.1705442357770117,0.037222222222222205,0.01667444263047605
2025-05-15 00:00:00+00:00,134.33333333333334,159.92602456552635,12.83449074074074,0.838782626793312,19.0837962962963,0.09544338269577445,72.37800925925926,2.7990139920010564,0.9910185185185184,0.0767960529249776,17.877777777777776,1.9003898235576517,31.877777777777776,0.5003702332976744,99.67777777777776,0.5295001136641673,3.0111111111111115,0.31765343332585566,8.172222222222222,0.19317042945237417,8.222222222222221,0.10715167512214409,34.78888888888889,3.6833459024421042,0.0033333333333333335,0.005773502691896258,25.135714285714286,0.16741329363092508,10.611111111111109,0.07010574024154433,56.34920634920635,3.687485987777162,94.81833333333333,1.6513992383565048,1.6460317460317462,0.11656685072451205,0.07399999999999994,0.022300971578236975
2025-05-16 00:00:00+00:00,135.33333333333334,159.92602456552635,8.930787037037037,0.8671218126143081,15.781481481481483,0.1339203897167756,69.48958333333333,3.061910452828752,0.8000462962962963,0.056706877980436166,13.344444444444443,1.0874707318326282,26.888888888888886,0.6185406959874119,96.53333333333332,1.774197784289502,2.342222222222222,0.15861670548608464,5.2444444444444445,1.1157126936693045,7.466666666666666,0.16666666666666652,30.633333333333336,4.000555516980669,0.0366666666666666,0.020275875100994035,20.5952380952381,0.2153281522512232,9.042222222222222,0.053575837561070955,52.279761904761905,3.7425267559864395,93.58333333333333,2.1456959502946904,1.3156349206349207,0.08107914910910816,0.0782222222222222,0.024497921302595194
2025-05-17 00:00:00+00:00,136.33333333333334,159.92602456552635,8.400694444444445,0.9478657902504768,16.30578703703704,0.0568950214612689,65.41481481481482,3.2536670857490684,0.9783333333333334,0.07136497113387114,11.722222222222223,1.320914385876243,28.11111111111111,0.5975257626555012,98.75555555555555,1.1102218663819337,2.5355555555555553,0.22334162505337313,4.111111111111112,0.12619796324000584,4.288888888888889,0.10183501544346335,33.544444444444444,3.9195143312140837,0.0111111111111111,0.010183501544346307,22.474999999999998,0.07431661445244682,7.6688888888888895,0.07530186166603262,47.29722222222222,3.9013988735867393,90.77944444444444,2.390753213095398,1.5967460317460318,0.10316761270579748,0.11255555555555553,0.027360420183041623
2025-05-18 00:00:00+00:00,137.33333333333334,159.92602456552635,11.064814814814815,0.9790458291605711,18.20138888888889,0.056740828377267204,68.03657407407407,3.5468386346733505,1.0255555555555553,0.09739379701773031,15.577777777777778,1.1596615087234794,31.355555555555554,1.335553706783707,98.3,1.4655298624653768,2.944444444444444,0.38163876656879103,5.144444444444445,0.15752718754175327,5.388888888888889,0.1170628194761415,36.044444444444444,4.283603536656869,0.015555555555555533,0.01387777332977419,24.557936507936507,0.13355282387477982,9.302222222222222,0.06012333003763916,52.04047619047619,4.297982440776657,90.43111111111112,2.5614261074065174,1.6648412698412696,0.1438263419157762,0.13055555555555554,0.03264681936750983
2025-05-19 00:00:00+00:00,138.33333333333334,159.92602456552635,13.394444444444446,0.8081770085572194,19.476388888888888,0.13768926368215448,72.88194444444444,2.7345370542807736,0.9790740740740741,0.07078297956057837,18.522222222222222,1.4415783531075055,32.955555555555556,0.6203344378759016,98.84444444444443,1.0905316406502277,2.9633333333333334,0.17854348987789445,6.733333333333333,0.20275875100994073,6.911111111111111,0.10715167512214456,38.67777777777778,4.211404270065501,0.0111111111111111,0.010183501544346307,25.532539682539678,0.21932349777035973,10.997777777777777,0.05669933698743632,57.70396825396825,3.3706552897602124,94.13111111111112,2.066242788071926,1.615079365079365,0.10525218967601034,0.0886666666666666,0.0285832118559129
2025-05-20 00:00:00+00:00,139.33333333333334,159.92602456552635,14.336805555555552,0.4380458455557391,15.767824074074072,0.035588725124218845,91.78148148148148,2.3037485946709926,0.18046296296296294,0.045752524160730064,17.877777777777776,1.3267894973847096,22.311111111111114,0.7762683766537134,99.8888888888889,0.19245008972986327,0.6699999999999999,0.07218802609235901,11.022222222222224,0.09622504486493601,11.033333333333333,0.08819171036881895,75.1111111111111,3.689976412651699,0.0011111111111111,0.0019245008972987334,17.832539682539686,0.04194352464039415,12.877222222222223,0.06083523589110091,88.01904761904761,2.9984718330064966,97.04888888888888,1.3478968528511153,0.27611111111111103,0.064019436768864,0.04655555555555554,0.020293220907850334
2025-05-21 00:00:00+00:00,140.33333333333334,159.92602456552635,14.65509259259259,0.5328164692628187,16.223148148148148,0.020142879553523355,91.25138888888888,2.8999225058824423,0.2126388888888889,0.07001997620608874,22.177777777777777,1.285099794366758,25.54444444444444,0.7618204318409748,100.0,0.0,0.8877777777777777,0.39121368604401874,11.044444444444444,0.05091750772173133,11.044444444444444,0.05091750772173133,71.04444444444444,10.734799761799286,0.0,0.0,19.108730158730157,0.0841906018816829,12.183333333333332,0.086666666666666,85.41190476190475,4.6976480099510285,99.42666666666666,0.38314488121335727,0.35801587301587295,0.11586956398424356,0.009111111111111068,0.005872093449655017
2025-05-22 00:00:00+00:00,141.33333333333334,159.92602456552635,12.215740740740742,0.23585089146347474,12.932870370370372,0.04144229713432233,95.65972222222221,1.4309714875385073,0.07393518518518515,0.02390879876606546,16.066666666666666,0.6429100507328642,19.322222222222223,0.0962250448649378,99.94444444444444,0.09622504486494754,0.4133333333333334,0.08089774066341067,9.988888888888889,0.06938886664887081,9.988888888888889,0.06938886664887081,81.68888888888888,3.5318130901427502,0.0,0.0,13.754761904761905,0.02857142857142736,11.782222222222222,0.07042200834440479,92.73650793650795,2.26089869020644,99.75222222222222,0.3783932894244867,0.124047619047619,0.037996896877713564,0.0037777777777777337,0.00597525762655498
2025-05-23 00:00:00+00:00,142.33333333333334,159.92602456552635,12.094907407407407,0.7075132553034191,16.15787037037037,0.05531777819437673,80.125,2.829024842351502,0.5614814814814815,0.06825206653212304,17.766666666666666,1.3482498944104466,28.46666666666667,0.5859465277082327,100.0,0.0,1.891111111111111,0.20003703360831665,8.311111111111112,0.12619796324000654,8.5,0.12018504251546588,51.81111111111111,4.2087651043630006,0.0,0.0,20.65753968253968,0.16030518183374828,9.858333333333334,0.10313152336270136,66.7265873015873,4.373099252366755,98.88277777777778,0.6673212064610212,0.9524206349206349,0.11095827782544841,0.014166666666666633,0.008516324194027477
2025-05-24 00:00:00+00:00,143.33333333333334,159.92602456552635,11.88310185185185,0.746321461585176,16.298842592592592,0.07782839787931461,79.33611111111111,2.9836284899513483,0.6314351851851852,0.09205309262670056,16.288888888888888,1.7604713173634088,29.07777777777778,0.8474362206963697,99.95555555555556,0.0769800358919447,2.248888888888889,0.40710813924194283,8.155555555555557,0.1677740985615728,8.200000000000001,0.17638342073763993,44.42222222222222,7.7342192979090125,0.0,0.0,21.22698412698413,0.09405013056723016,9.399444444444443,0.11088449111742602,65.78174603174604,4.630223552228664,98.31222222222222,0.7363297369259902,1.0654761904761905,0.1520776371125963,0.02377777777777777,0.008572134009771509
2025-05-25 00:00:00+00:00,144.33333333333334,159.92602456552635,12.326851851851854,0.8441272400089349,16.47337962962963,0.0397737460454205,80.07245370370372,3.4331968249036944,0.5769444444444445,0.09424337767775047,17.633333333333333,3.6607528066111095,27.29444444444444,0.2709721866279371,100.0,0.0,1.7994444444444444,0.2651117863454193,6.7,0.0881917103688195,6.7,0.0881917103688195,49.26666666666667,5.502827556003466,0.0,0.0,21.574603174603173,0.11252571722516064,9.331666666666665,0.062338680697550365,66.56071428571428,5.462944253846541,98.98888888888888,0.6131008013309114,0.9788888888888888,0.15573887299209063,0.014222222222222169,0.00838207965001881
2025-05-26 00:00:00+00:00,145.33333333333334,159.92602456552635,15.029166666666667,0.9287752455735041,20.134722222222223,0.12982211238536295,76.18703703703704,3.329720939968665,0.8999074074074075,0.1077996410146187,22.944444444444443,1.5952475716373342,33.44444444444445,1.0057243566114313,99.94444444444444,0.09622504486494754,2.4944444444444445,0.3681988190779139,8.733333333333334,0.13333333333333308,8.755555555555555,0.1018350154434644,49.23333333333334,4.920817456931768,0.0,0.0,26.067460317460316,0.2612256708212144,11.828888888888889,0.06850250063021575,62.22460317460318,4.753984683438761,95.73444444444446,1.3488115482129424,1.4917460317460318,0.16936946781776757,0.07133333333333329,0.021620463557575395
2025-05-27 00:00:00+00:00,146.33333333333334,159.92602456552635,13.959027777777779,0.44552873377982755,15.806481481481478,0.08894674043350236,89.96805555555557,2.432912745869102,0.2515972222222222,0.05328507111764372,18.36666666666667,1.395628094363888,25.811111111111114,1.0631887745693913,99.8,0.3464101615137732,1.2133333333333334,0.13131810402394806,9.444444444444445,0.10715167512214502,9.47777777777778,0.10183501544346373,63.71111111111111,3.310812812812207,0.0033333333333333335,0.005773502691896258,18.40476190476191,0.1902975352636976,12.168888888888889,0.06938886664887141,83.73015873015873,3.5031977077941483,98.70111111111112,0.9490482561980661,0.4173809523809524,0.08145919780497152,0.019499999999999965,0.013841363131329706
2025-05-28 00:00:00+00:00,147.33333333333334,159.92602456552635,15.309027777777779,0.6107547098356422,18.992361111111112,0.033035416367406034,82.64351851851852,2.5187553929319604,0.6280324074074074,0.08630216074990753,20.53333333333333,1.550268793897795,30.855555555555554,1.135455529406262,100.0,0.0,2.146666666666667,0.3251153641401772,9.366666666666667,0.15275252316519441,9.377777777777778,0.13471506281091294,50.98888888888888,5.539387584816107,0.0,0.0,24.061507936507937,0.08719239202770701,11.895555555555555,0.0680141597457903,70.32777777777777,4.254473658084138,99.88555555555554,0.1569264984823403,1.0755158730158731,0.14701539080067483,0.0015555555555555333,0.0021430335024428928
2025-05-29 00:00:00+00:00,148.33333333333334,159.92602456552635,13.527314814814815,1.1154345860890365,20.828703703703706,0.13047672955256268,69.87453703703704,3.783334438053902,1.207361111111111,0.13850411980769273,24.21111111111111,3.0572924356425295,33.4,0.9504384952922232,100.0,0.0,3.403333333333333,0.2051828452868319,9.144444444444444,0.10715167512214502,9.177777777777777,0.10183501544346373,33.84444444444444,3.7925853587893994,0.0,0.0,27.643650793650792,0.2490040630825001,11.287777777777778,0.044388854123196486,51.40555555555556,5.585922505219347,95.7311111111111,1.3245306646059443,2.026031746031746,0.22403994386597179,0.06122222222222216,0.01911756996800282
2025-05-30 00:00:00+00:00,149.33333333333334,159.92602456552635,15.616666666666667,0.9962322926226592,21.307407407407407,0.15765775299105503,74.49398148148147,3.2117785534400496,1.0560185185185185,0.1009306934823659,22.41111111111111,2.224193570046688,34.81111111111111,1.2980041659466357,99.4777777777778,0.7120653320005303,2.962222222222222,0.20166896233771447,8.02222222222222,0.17105338131489617,8.1,0.08819171036881954,45.24444444444444,3.15917241858851,0.004444444444444433,0.007698003589194991,28.13174603174603,0.27572141340130446,11.753333333333332,0.09024657580453863,58.16111111111112,4.680480849508446,97.36,1.2357319018837953,1.7804761904761903,0.16049155642132612,0.041777777777777726,0.017833592936843588
2025-05-31 00:00:00+00:00,150.33333333333334,159.92602456552635,18.147453703703704,0.9474615648794777,23.503472222222225,0.14171261509752184,75.74074074074075,3.094776791614813,1.1297685185185184,0.1207745972612677,24.677777777777777,1.4818656909200414,36.6,0.8006941432976197,99.98888888888888,0.019245008973002842,3.101111111111111,0.413673694989089,11.255555555555555,0.03849001794597492,11.255555555555555,0.03849001794597492,49.4,5.313295692045671,0.0,0.0,30.192460317460316,0.26407202142955377,14.138888888888891,0.0640601569128876,60.51349206349206,4.552586624496554,97.05888888888889,1.1256619451748604,1.895793650793651,0.19254889141667333,0.0573333333333333,0.02085132556404458
2025-06-01 00:00:00+00:00,151.33333333333334,159.92602456552635,19.587037037037035,0.9710710777619931,23.303240740740737,0.1559663062431344,81.77499999999999,3.582075306730228,0.7391666666666667,0.13364207599146546,29.599999999999998,1.5495519065559296,34.62222222222223,0.2694301256218249,99.85555555555555,0.25018511664884,2.5366666666666666,0.36660605559646725,12.611111111111112,0.05091750772173084,12.633333333333333,0.033333333333333215,53.5,6.891863157215016,0.0022222222222222,0.0038490017945974667,28.446031746031746,0.2583013293027692,16.103333333333335,0.07446102634563054,73.17301587301587,4.997409948967046,93.81777777777778,1.6031785557078388,1.1711111111111112,0.20510565461255287,0.1344444444444444,0.03360279970699093
2025-06-02 00:00:00+00:00,152.33333333333334,159.92602456552635,18.80185185185185,0.8740452610207085,23.0724537037037,0.048344174497235215,78.44583333333333,3.7679234731324733,0.7511342592592593,0.12166548414992731,23.644444444444446,1.6965105800283569,32.800000000000004,0.2905932629027093,96.63333333333333,1.479864858694865,2.1244444444444444,0.28223971949259574,16.3,0.24037008503093102,17.022222222222222,0.0962250448649378,57.58888888888888,5.04053935973493,0.06666666666666664,0.02886751345948129,26.524999999999995,0.06950790750950042,18.238888888888887,0.08180826726310957,69.06428571428572,4.935524770670776,91.58,2.134590775248921,1.1582142857142859,0.17600565434897772,0.18122222222222217,0.045704769181409574
2025-06-03 00:00:00+00:00,153.33333333333334,159.92602456552635,18.97361111111111,0.9096161939908349,24.125925925925927,0.06398442936876297,75.68402777777779,3.636924101137972,1.001273148148148,0.13439687830315764,23.655555555555555,1.5826606758287811,34.94444444444445,0.9788504217438675,97.31111111111112,1.451946331015084,2.777777777777778,0.42536694398723207,15.072222222222221,0.4097198681664946,16.8,0.11547005383792475,50.58888888888888,5.3184514593936045,0.05333333333333331,0.029627314724385265,28.69285714285714,0.17882521648214875,17.732222222222223,0.09697269566070678,63.70396825396825,4.778883026197669,92.45611111111111,2.0381816060545845,1.605952380952381,0.20103910902112818,0.1547222222222222,0.04187625067231269
2025-06-04 00:00:00+00:00,154.33333333333334,159.92602456552635,18.175462962962964,0.7456940865944236,21.336574074074075,0.08969183065138518,83.64166666666667,3.2176874819474808,0.5399537037037038,0.09390802867590307,23.222222222222218,2.1479533755888904,31.522222222222222,0.12619796324000462,98.27777777777779,1.450031928128689,1.7755555555555553,0.3952120855851861,14.52222222222222,0.3097191081059199,15.388888888888888,0.05091750772173055,61.02222222222222,7.2789905690077426,0.0322222222222222,0.028349668493717922,24.691269841269843,0.14650759256352716,16.64,0.03929942040850634,76.03650793650793,4.15038269233325,94.28888888888889,1.9865725182762386,0.8473015873015872,0.13597413163789193,0.10966666666666663,0.037302070243412054
2025-06-05 00:00:00+00:00,155.33333333333334,159.92602456552635,18.16435185185185,0.5538695481225233,20.46990740740741,0.0735237077187191,88.15555555555555,2.278869572348909,0.40902777777777777,0.0679666369225954,22.933333333333334,1.9467922333931806,30.633333333333336,0.4409585518441001,99.98888888888888,0.019245008973002842,1.6211111111111112,0.2341019087997867,15.688888888888888,0.0693888666488712,15.722222222222221,0.0693888666488712,63.74444444444444,6.088635436736338,0.0,0.0,23.326190476190476,0.1423204203226522,16.471111111111114,0.042860670048860315,80.665873015873,3.399800191985848,98.64111111111112,0.7744914699575668,0.6816666666666666,0.10715105788721459,0.027333333333333303,0.014892205269125805
2025-06-06 00:00:00+00:00,156.33333333333334,159.92602456552635,19.27673611111111,0.6874017010253375,23.340046296296293,0.04276522482967497,81.12962962962963,2.5687139852591345,0.8549652777777778,0.1138547067182475,24.7,0.9243616415908019,33.96666666666667,0.6691619966628258,100.0,0.0,2.36,0.32078029864690877,14.655555555555557,0.06938886664887099,14.655555555555557,0.06938886664887099,55.12222222222223,5.730457935291743,0.0,0.0,28.678174603174607,0.045399669685563575,15.866666666666667,0.0907377172587755,67.83333333333333,4.289547888581663,99.74444444444445,0.1762678937594055,1.462003968253968,0.1927643105253679,0.005111111111111067,0.0035952643749696143
2025-06-07 00:00:00+00:00,157.33333333333334,159.92602456552635,19.75810185185185,0.6264867861004233,22.371064814814815,0.04193394214851982,86.66666666666667,2.769679514708794,0.49374999999999997,0.09571863103471807,29.477777777777778,0.9394639921745757,32.97777777777778,0.4550132273209643,100.0,0.0,1.9822222222222219,0.17017420268436473,14.066666666666668,0.09999999999999853,14.066666666666668,0.09999999999999853,60.888888888888886,4.257846786729092,0.0,0.0,26.265079365079362,0.09584134344913216,16.919444444444444,0.03757708127352566,80.6595238095238,3.921782734751396,95.07666666666667,1.1737309932196742,0.7672222222222222,0.1457684176866174,0.11088888888888883,0.026308708599019997
2025-06-08 00:00:00+00:00,158.33333333333334,159.92602456552635,20.012962962962963,0.8405249100922579,25.518055555555552,0.075154162547044,74.77546296296298,3.197275416264379,1.1834722222222223,0.12397239649451232,25.322222222222223,0.9406459561465267,37.17777777777778,0.8441519961432254,98.10000000000001,1.3932376362671035,3.1311111111111107,0.4406602789921977,15.87777777777778,0.3656551704867625,16.177777777777777,0.23412563895228464,48.71111111111111,3.2857154359326266,0.0355555555555555,0.025239592648001227,30.82777777777778,0.14174834246858725,18.084444444444443,0.09142898478742682,61.43333333333334,4.101854428251555,93.45444444444445,1.9814706472531745,1.9289682539682538,0.18351712082439714,0.13977777777777778,0.04225890219604402
2025-06-09 00:00:00+00:00,159.33333333333334,159.92602456552635,16.333796296296295,0.9178615248536055,22.402314814814815,0.06817355605259494,72.78634259259259,3.2948455358628648,1.124212962962963,0.11376825702534223,21.71111111111111,1.5720946159444367,34.28888888888889,0.646643756753399,98.74444444444445,1.1644423240014616,2.8966666666666665,0.4278758906245806,10.566666666666666,0.32145502536643233,11.02222222222222,0.16777409856157163,44.800000000000004,5.644564740625367,0.019999999999999966,0.018559214542766704,28.48253968253968,0.12780488719619304,13.89,0.04163331998932184,57.156349206349205,4.4240455197017425,94.66833333333334,2.0919269426376506,1.8632539682539682,0.17440640066405988,0.08955555555555554,0.035248850782422396
2025-06-10 00:00:00+00:00,160.33333333333334,159.92602456552635,18.74814814814815,0.8743387419053926,23.93194444444444,0.08694710681049876,76.52685185185186,3.0208759043403117,1.081435185185185,0.1155363844050833,24.622222222222224,1.640573522120079,35.955555555555556,0.28738927014172505,100.0,0.0,2.9377777777777783,0.3181427585453026,13.911111111111111,0.06938886664887077,14.011111111111111,0.03849001794597273,48.344444444444456,5.2669127931237245,0.0,0.0,29.788095238095238,0.18407395240676802,15.733333333333334,0.07000000000000028,61.763492063492066,4.42454843727264,97.19555555555554,1.295300622907172,1.8141269841269843,0.18312330785723155,0.05566666666666661,0.027055498516937365
2025-06-11 00:00:00+00:00,161.33333333333334,159.92602456552635,20.388657407407408,0.7144352958273181,24.496296296296293,0.18380795746195744,81.43703703703704,2.5451313412550385,0.9398379629629628,0.11528422700612226,28.316666666666663,1.489500289060432,37.27777777777778,0.8126317556989632,100.0,0.0,3.1777777777777776,0.24858115896542218,13.255555555555555,0.05091750772173457,13.255555555555555,0.05091750772173457,50.18888888888889,2.8914305058863823,0.0,0.0,30.496031746031743,0.29791731086304657,16.096666666666668,0.11050389636167103,68.43809523809524,4.074122611887054,99.63555555555557,0.5828505939044888,1.6053571428571427,0.19044393328052234,0.0081111111111111,0.012911378845952276
2025-06-12 00:00:00+00:00,162.33333333333334,159.92602456552635,20.603703703703705,0.8101275111747159,25.090740740740742,0.0861708275614991,79.64398148148149,3.2725223680178206,1.0175,0.14597539377038776,27.5,1.9341952101872006,37.53333333333333,0.6936217348894992,100.0,0.0,3.147777777777778,0.37455652790011873,14.633333333333335,0.08819171036881945,14.633333333333335,0.08819171036881945,50.4,5.706429122781891,0.0,0.0,30.753968253968253,0.17642091322838957,17.162222222222223,0.0739619521806327,67.14126984126983,5.0098827124134475,97.14777777777776,0.8434409241865152,1.698968253968254,0.2371620203259991,0.0634444444444444,0.018331313019994987
2025-06-13 00:00:00+00:00,163.33333333333334,159.92602456552635,21.445370370370373,0.9074901936914215,26.860185185185184,0.08224208343704463,75.27685185185184,3.2368651760145113,1.2881018518518517,0.14461077051367816,28.144444444444446,2.1634163654669822,38.955555555555556,0.08388704928078675,99.87777777777778,0.21169509870286615,3.2977777777777777,0.5189019746149159,15.033333333333331,0.1201850425154675,15.055555555555555,0.09622504486493728,51.92222222222222,6.086080049618999,0.0033333333333333335,0.005773502691896258,32.862698412698414,0.19663168911449724,18.456666666666667,0.08089774066341052,61.911111111111104,4.524101703179375,93.98888888888888,1.5838221467679456,2.0995238095238093,0.22294806346381982,0.1521111111111111,0.03995877505259271
2025-06-14 00:00:00+00:00,164.33333333333334,159.92602456552635,20.715740740740742,0.6615141356358857,24.903240740740742,0.11760808442719188,80.3337962962963,2.634351484098039,0.9709722222222222,0.11719383213345085,28.01111111111111,1.1026903127922751,39.03333333333333,0.26034165586356034,99.62222222222222,0.5975257626554998,3.3688888888888893,0.2688314906598005,15.088888888888889,0.3097191081059179,16.188888888888886,0.27954990278686626,51.43333333333333,4.557899126181315,0.006666666666666667,0.011547005383792516,29.757936507936506,0.20696945853175377,18.106666666666666,0.04163331998932411,69.3015873015873,3.7221104494674546,95.7788888888889,1.4377928043178205,1.5983333333333334,0.18565582107821657,0.09266666666666667,0.03271594921950658
2025-06-15 00:00:00+00:00,165.33333333333334,159.92602456552635,20.59907407407408,0.732282145021776,26.72824074074074,0.025697572382181528,72.31064814814815,2.8531849262273576,1.3940277777777776,0.11709848985858237,26.844444444444445,1.240221007783754,39.17777777777778,0.17105338131489725,99.78888888888889,0.3656551704867586,3.684444444444445,0.18337373292248255,13.933333333333332,0.08819171036881904,13.966666666666667,0.08819171036881854,47.699999999999996,3.044302510884519,0.0033333333333333335,0.005773502691896258,32.72936507936508,0.10015105748792287,18.326666666666668,0.08736894948053989,58.82380952380952,3.547951406611071,91.19222222222221,2.103146672471011,2.225793650793651,0.168288088034929,0.22955555555555554,0.05288597097459717
2025-06-16 00:00:00+00:00,166.33333333333334,159.92602456552635,18.245833333333334,0.4314210610812175,20.118981481481484,0.10077423403259314,90.04097222222221,1.78457049182087,0.3104166666666666,0.045906717346493715,22.549999999999997,2.821101045888132,29.683333333333337,1.7422048610246073,99.93333333333334,0.11547005383792167,1.4855555555555553,0.14346247412296181,15.922222222222222,0.10183501544346396,15.933333333333335,0.08819171036882097,64.9888888888889,5.250432080985045,0.0011111111111111,0.0019245008972987334,22.087698412698415,0.18524946919012558,17.362777777777776,0.07609083265949067,84.32103174603175,2.5171172315207064,98.0488888888889,0.7976098554315071,0.501031746031746,0.06664809832115359,0.04355555555555549,0.01762678937593863
2025-06-17 00:00:00+00:00,167.33333333333334,159.92602456552635,17.747685185185187,0.7598016708068663,24.09375,0.16187111213692074,72.32546296296296,2.238952251021883,1.2427314814814816,0.07147373002972571,22.522222222222222,2.030964011206208,36.31111111111111,0.715179335189069,99.98888888888888,0.019245008973002842,3.3144444444444443,0.1059524701265899,14.377777777777778,0.2143033502442878,14.855555555555554,0.16777409856157216,42.944444444444436,4.18387557353404,0.0,0.0,29.776587301587302,0.32209440149891727,16.137777777777778,0.075816542707697,55.035714285714285,3.291018191526973,96.53111111111112,0.8076188136417803,2.0814285714285714,0.11282122193060076,0.0685555555555555,0.016714376158575878
2025-06-18 00:00:00+00:00,168.33333333333334,159.92602456552635,18.558333333333334,0.8376704267354569,25.09861111111111,0.1275057490836472,71.50833333333333,2.6459550861458783,1.3989814814814814,0.09294399753052765,23.844444444444445,1.8142440523483814,37.61111111111111,0.9311482358019197,99.92222222222222,0.13471506281090398,3.6111111111111107,0.3181951416161915,13.055555555555555,0.09622504486493728,13.066666666666665,0.08819171036881945,42.62222222222223,2.4815616349686245,0.0011111111111111,0.0019245008972987334,31.753174603174603,0.2691038008485597,15.782222222222222,0.08030036206735469,54.4484126984127,3.6785038777380197,95.39222222222223,1.2646226197448747,2.3289682539682537,0.14044881358197212,0.09699999999999993,0.02696499788820888
2025-06-19 00:00:00+00:00,169.33333333333334,159.92602456552635,20.333564814814817,0.8513119451969269,26.72974537037037,0.2020022786727719,72.6525462962963,2.3878977204657037,1.531099537037037,0.09924009797151591,25.666666666666668,1.567730135507313,41.444444444444436,0.6930875632778029,99.71111111111111,0.3006166501881895,4.836666666666667,0.5067982285332541,14.066666666666665,0.08819171036881945,14.111111111111109,0.08388704928078634,39.400000000000006,4.3266615305567875,0.004444444444444434,0.0050917507721731595,33.28670634920635,0.3533510683629367,17.55,0.06244997998398251,55.979761904761894,3.2252197186486526,95.99444444444445,1.308987451486124,2.5572817460317463,0.1499094626300043,0.0944444444444444,0.030754102406261436
2025-06-20 00:00:00+00:00,170.33333333333334,159.92602456552635,21.346064814814813,0.85144052695195,27.66851851851852,0.056268572608292745,73.13912037037038,2.854919332811722,1.540578703703704,0.14327757739671204,25.233333333333334,1.6495790708878184,41.18888888888889,0.5347204184673802,99.83333333333333,0.2886751345948139,4.683333333333334,0.3545106172990844,17.288888888888888,0.10715167512214191,17.32222222222222,0.05091750772173195,40.46666666666666,4.178915329763613,0.0033333333333333335,0.005773502691896258,33.23412698412698,0.1767419511863199,19.876666666666665,0.12862520921050094,56.85873015873016,3.9460177789023545,95.93166666666666,1.3465707474090391,2.564920634920635,0.22084797581199836,0.10649999999999997,0.03468949568833639
2025-06-21 00:00:00+00:00,171.33333333333334,159.92602456552635,20.21851851851852,0.8477461191360827,26.097916666666666,0.07367986830761372,75.0300925925926,2.6993455151450556,1.3086342592592592,0.11876328575235454,23.644444444444442,1.8025701815073008,39.444444444444436,0.5669933698743611,99.73333333333333,0.37859388972001706,4.372222222222223,0.33649060302767175,17.866666666666664,0.41633319989322415,18.4,0.05773502691896596,38.611111111111114,4.519382127549612,0.006111111111111099,0.007876359377087687,30.765873015873012,0.11898411004387568,19.56277777777778,0.05297623506329526,58.86230158730158,3.940761450855316,97.665,0.9732006188060286,2.202857142857143,0.1876430671112594,0.0567222222222222,0.022460046832179673
2025-06-22 00:00:00+00:00,172.33333333333334,159.92602456552635,19.74328703703704,0.964123093678072,27.317592592592593,0.18978714793851145,69.12662037037038,2.5448659597989893,1.764884259259259,0.09300268847888443,23.01111111111111,1.877449017900305,40.36666666666667,0.4055175020198828,100.0,0.0,4.806666666666667,0.17088007490635124,15.888888888888891,0.08388704928078627,15.888888888888891,0.08388704928078627,35.96666666666667,3.038274364028226,0.0,0.0,33.884126984126986,0.3481839289440321,18.12444444444444,0.052316699408859614,50.12103174603175,3.572209107828502,95.73444444444443,1.1612844102464577,2.953531746031746,0.1411410985956038,0.10077777777777774,0.027763551912801304
2025-06-23 00:00:00+00:00,173.33333333333334,159.92602456552635,20.26824074074074,0.9332505061352202,27.94944444444445,0.26421500317210117,68.20074074074074,2.67157749980205,1.8193935185185184,0.12965290821076972,24.62222222222222,1.5586081159994183,40.63333333333333,1.1050389636167175,99.39999999999998,0.6359594676113025,4.567777777777778,0.2870798056548297,16.5,0.1201850425154644,16.599999999999998,0.06666666666666599,40.166666666666664,2.437439457937598,0.012222222222222199,0.013471506281091231,34.4641975308642,0.3087505981696874,17.82777777777778,0.20838888148345586,50.02074074074074,4.429315423019469,96.37129629629631,1.6143796665651375,2.9361728395061726,0.24725387044849362,0.0891666666666666,0.03926701093982263
